"aar","naringsregion_nr","innvkat_3","tabellvariabel","tabell_navn","enhet"
"2006","01","alle","13148","sysselsatte_innvkat","personer"
"2006","01","befolkningen_ellers","12315","sysselsatte_innvkat","personer"
"2006","01","innvandrere","833","sysselsatte_innvkat","personer"
"2006","02","alle","27998","sysselsatte_innvkat","personer"
"2006","02","befolkningen_ellers","26138","sysselsatte_innvkat","personer"
"2006","02","innvandrere","1860","sysselsatte_innvkat","personer"
"2006","03","alle","26387","sysselsatte_innvkat","personer"
"2006","03","befolkningen_ellers","24367","sysselsatte_innvkat","personer"
"2006","03","innvandrere","2020","sysselsatte_innvkat","personer"
"2006","04","alle","60562","sysselsatte_innvkat","personer"
"2006","04","befolkningen_ellers","56348","sysselsatte_innvkat","personer"
"2006","04","innvandrere","4214","sysselsatte_innvkat","personer"
"2006","05","alle","81884","sysselsatte_innvkat","personer"
"2006","05","befolkningen_ellers","72443","sysselsatte_innvkat","personer"
"2006","05","innvandrere","9441","sysselsatte_innvkat","personer"
"2006","06","alle","62961","sysselsatte_innvkat","personer"
"2006","06","befolkningen_ellers","57489","sysselsatte_innvkat","personer"
"2006","06","innvandrere","5472","sysselsatte_innvkat","personer"
"2006","07","alle","78892","sysselsatte_innvkat","personer"
"2006","07","befolkningen_ellers","71474","sysselsatte_innvkat","personer"
"2006","07","innvandrere","7418","sysselsatte_innvkat","personer"
"2006","08","alle","42976","sysselsatte_innvkat","personer"
"2006","08","befolkningen_ellers","40279","sysselsatte_innvkat","personer"
"2006","08","innvandrere","2697","sysselsatte_innvkat","personer"
"2006","09","alle","293422","sysselsatte_innvkat","personer"
"2006","09","befolkningen_ellers","240795","sysselsatte_innvkat","personer"
"2006","09","innvandrere","52627","sysselsatte_innvkat","personer"
"2006","10","alle","7972","sysselsatte_innvkat","personer"
"2006","10","befolkningen_ellers","7663","sysselsatte_innvkat","personer"
"2006","10","innvandrere","309","sysselsatte_innvkat","personer"
"2006","11","alle","25042","sysselsatte_innvkat","personer"
"2006","11","befolkningen_ellers","23988","sysselsatte_innvkat","personer"
"2006","11","innvandrere","1054","sysselsatte_innvkat","personer"
"2006","12","alle","42218","sysselsatte_innvkat","personer"
"2006","12","befolkningen_ellers","40392","sysselsatte_innvkat","personer"
"2006","12","innvandrere","1826","sysselsatte_innvkat","personer"
"2006","13","alle","16577","sysselsatte_innvkat","personer"
"2006","13","befolkningen_ellers","15871","sysselsatte_innvkat","personer"
"2006","13","innvandrere","706","sysselsatte_innvkat","personer"
"2006","14","alle","34958","sysselsatte_innvkat","personer"
"2006","14","befolkningen_ellers","33479","sysselsatte_innvkat","personer"
"2006","14","innvandrere","1479","sysselsatte_innvkat","personer"
"2006","15","alle","14307","sysselsatte_innvkat","personer"
"2006","15","befolkningen_ellers","13747","sysselsatte_innvkat","personer"
"2006","15","innvandrere","560","sysselsatte_innvkat","personer"
"2006","16","alle","18888","sysselsatte_innvkat","personer"
"2006","16","befolkningen_ellers","17866","sysselsatte_innvkat","personer"
"2006","16","innvandrere","1022","sysselsatte_innvkat","personer"
"2006","17","alle","6843","sysselsatte_innvkat","personer"
"2006","17","befolkningen_ellers","6640","sysselsatte_innvkat","personer"
"2006","17","innvandrere","203","sysselsatte_innvkat","personer"
"2006","18","alle","10120","sysselsatte_innvkat","personer"
"2006","18","befolkningen_ellers","9877","sysselsatte_innvkat","personer"
"2006","18","innvandrere","243","sysselsatte_innvkat","personer"
"2006","19","alle","9504","sysselsatte_innvkat","personer"
"2006","19","befolkningen_ellers","9122","sysselsatte_innvkat","personer"
"2006","19","innvandrere","382","sysselsatte_innvkat","personer"
"2006","20","alle","81244","sysselsatte_innvkat","personer"
"2006","20","befolkningen_ellers","73635","sysselsatte_innvkat","personer"
"2006","20","innvandrere","7609","sysselsatte_innvkat","personer"
"2006","21","alle","10927","sysselsatte_innvkat","personer"
"2006","21","befolkningen_ellers","10099","sysselsatte_innvkat","personer"
"2006","21","innvandrere","828","sysselsatte_innvkat","personer"
"2006","22","alle","16115","sysselsatte_innvkat","personer"
"2006","22","befolkningen_ellers","15155","sysselsatte_innvkat","personer"
"2006","22","innvandrere","960","sysselsatte_innvkat","personer"
"2006","23","alle","9497","sysselsatte_innvkat","personer"
"2006","23","befolkningen_ellers","9151","sysselsatte_innvkat","personer"
"2006","23","innvandrere","346","sysselsatte_innvkat","personer"
"2006","24","alle","17246","sysselsatte_innvkat","personer"
"2006","24","befolkningen_ellers","16200","sysselsatte_innvkat","personer"
"2006","24","innvandrere","1046","sysselsatte_innvkat","personer"
"2006","25","alle","61552","sysselsatte_innvkat","personer"
"2006","25","befolkningen_ellers","57695","sysselsatte_innvkat","personer"
"2006","25","innvandrere","3857","sysselsatte_innvkat","personer"
"2006","26","alle","41532","sysselsatte_innvkat","personer"
"2006","26","befolkningen_ellers","38757","sysselsatte_innvkat","personer"
"2006","26","innvandrere","2775","sysselsatte_innvkat","personer"
"2006","27","alle","55918","sysselsatte_innvkat","personer"
"2006","27","befolkningen_ellers","52754","sysselsatte_innvkat","personer"
"2006","27","innvandrere","3164","sysselsatte_innvkat","personer"
"2006","28","alle","7900","sysselsatte_innvkat","personer"
"2006","28","befolkningen_ellers","7553","sysselsatte_innvkat","personer"
"2006","28","innvandrere","347","sysselsatte_innvkat","personer"
"2006","29","alle","9744","sysselsatte_innvkat","personer"
"2006","29","befolkningen_ellers","9231","sysselsatte_innvkat","personer"
"2006","29","innvandrere","513","sysselsatte_innvkat","personer"
"2006","30","alle","7536","sysselsatte_innvkat","personer"
"2006","30","befolkningen_ellers","7223","sysselsatte_innvkat","personer"
"2006","30","innvandrere","313","sysselsatte_innvkat","personer"
"2006","31","alle","3575","sysselsatte_innvkat","personer"
"2006","31","befolkningen_ellers","3394","sysselsatte_innvkat","personer"
"2006","31","innvandrere","181","sysselsatte_innvkat","personer"
"2006","32","alle","39969","sysselsatte_innvkat","personer"
"2006","32","befolkningen_ellers","37942","sysselsatte_innvkat","personer"
"2006","32","innvandrere","2027","sysselsatte_innvkat","personer"
"2006","33","alle","17163","sysselsatte_innvkat","personer"
"2006","33","befolkningen_ellers","16295","sysselsatte_innvkat","personer"
"2006","33","innvandrere","868","sysselsatte_innvkat","personer"
"2006","34","alle","11258","sysselsatte_innvkat","personer"
"2006","34","befolkningen_ellers","10767","sysselsatte_innvkat","personer"
"2006","34","innvandrere","491","sysselsatte_innvkat","personer"
"2006","35","alle","59344","sysselsatte_innvkat","personer"
"2006","35","befolkningen_ellers","54856","sysselsatte_innvkat","personer"
"2006","35","innvandrere","4488","sysselsatte_innvkat","personer"
"2006","36","alle","11543","sysselsatte_innvkat","personer"
"2006","36","befolkningen_ellers","11044","sysselsatte_innvkat","personer"
"2006","36","innvandrere","499","sysselsatte_innvkat","personer"
"2006","37","alle","47051","sysselsatte_innvkat","personer"
"2006","37","befolkningen_ellers","44455","sysselsatte_innvkat","personer"
"2006","37","innvandrere","2596","sysselsatte_innvkat","personer"
"2006","38","alle","10958","sysselsatte_innvkat","personer"
"2006","38","befolkningen_ellers","10461","sysselsatte_innvkat","personer"
"2006","38","innvandrere","497","sysselsatte_innvkat","personer"
"2006","39","alle","142125","sysselsatte_innvkat","personer"
"2006","39","befolkningen_ellers","129806","sysselsatte_innvkat","personer"
"2006","39","innvandrere","12319","sysselsatte_innvkat","personer"
"2006","40","alle","126751","sysselsatte_innvkat","personer"
"2006","40","befolkningen_ellers","116858","sysselsatte_innvkat","personer"
"2006","40","innvandrere","9893","sysselsatte_innvkat","personer"
"2006","41","alle","11410","sysselsatte_innvkat","personer"
"2006","41","befolkningen_ellers","10915","sysselsatte_innvkat","personer"
"2006","41","innvandrere","495","sysselsatte_innvkat","personer"
"2006","42","alle","11559","sysselsatte_innvkat","personer"
"2006","42","befolkningen_ellers","11113","sysselsatte_innvkat","personer"
"2006","42","innvandrere","446","sysselsatte_innvkat","personer"
"2006","43","alle","7012","sysselsatte_innvkat","personer"
"2006","43","befolkningen_ellers","6776","sysselsatte_innvkat","personer"
"2006","43","innvandrere","236","sysselsatte_innvkat","personer"
"2006","44","alle","14983","sysselsatte_innvkat","personer"
"2006","44","befolkningen_ellers","14542","sysselsatte_innvkat","personer"
"2006","44","innvandrere","441","sysselsatte_innvkat","personer"
"2006","45","alle","5760","sysselsatte_innvkat","personer"
"2006","45","befolkningen_ellers","5601","sysselsatte_innvkat","personer"
"2006","45","innvandrere","159","sysselsatte_innvkat","personer"
"2006","46","alle","29982","sysselsatte_innvkat","personer"
"2006","46","befolkningen_ellers","28834","sysselsatte_innvkat","personer"
"2006","46","innvandrere","1148","sysselsatte_innvkat","personer"
"2006","47","alle","27161","sysselsatte_innvkat","personer"
"2006","47","befolkningen_ellers","26112","sysselsatte_innvkat","personer"
"2006","47","innvandrere","1049","sysselsatte_innvkat","personer"
"2006","48","alle","3985","sysselsatte_innvkat","personer"
"2006","48","befolkningen_ellers","3858","sysselsatte_innvkat","personer"
"2006","48","innvandrere","127","sysselsatte_innvkat","personer"
"2006","49","alle","16619","sysselsatte_innvkat","personer"
"2006","49","befolkningen_ellers","15826","sysselsatte_innvkat","personer"
"2006","49","innvandrere","793","sysselsatte_innvkat","personer"
"2006","50","alle","16553","sysselsatte_innvkat","personer"
"2006","50","befolkningen_ellers","15859","sysselsatte_innvkat","personer"
"2006","50","innvandrere","694","sysselsatte_innvkat","personer"
"2006","51","alle","16633","sysselsatte_innvkat","personer"
"2006","51","befolkningen_ellers","15924","sysselsatte_innvkat","personer"
"2006","51","innvandrere","709","sysselsatte_innvkat","personer"
"2006","52","alle","29837","sysselsatte_innvkat","personer"
"2006","52","befolkningen_ellers","28810","sysselsatte_innvkat","personer"
"2006","52","innvandrere","1027","sysselsatte_innvkat","personer"
"2006","53","alle","28779","sysselsatte_innvkat","personer"
"2006","53","befolkningen_ellers","27686","sysselsatte_innvkat","personer"
"2006","53","innvandrere","1093","sysselsatte_innvkat","personer"
"2006","54","alle","9122","sysselsatte_innvkat","personer"
"2006","54","befolkningen_ellers","8546","sysselsatte_innvkat","personer"
"2006","54","innvandrere","576","sysselsatte_innvkat","personer"
"2006","55","alle","22181","sysselsatte_innvkat","personer"
"2006","55","befolkningen_ellers","21321","sysselsatte_innvkat","personer"
"2006","55","innvandrere","860","sysselsatte_innvkat","personer"
"2006","56","alle","35874","sysselsatte_innvkat","personer"
"2006","56","befolkningen_ellers","34070","sysselsatte_innvkat","personer"
"2006","56","innvandrere","1804","sysselsatte_innvkat","personer"
"2006","57","alle","12103","sysselsatte_innvkat","personer"
"2006","57","befolkningen_ellers","11827","sysselsatte_innvkat","personer"
"2006","57","innvandrere","276","sysselsatte_innvkat","personer"
"2006","58","alle","3975","sysselsatte_innvkat","personer"
"2006","58","befolkningen_ellers","3763","sysselsatte_innvkat","personer"
"2006","58","innvandrere","212","sysselsatte_innvkat","personer"
"2006","59","alle","4735","sysselsatte_innvkat","personer"
"2006","59","befolkningen_ellers","4579","sysselsatte_innvkat","personer"
"2006","59","innvandrere","156","sysselsatte_innvkat","personer"
"2006","60","alle","10772","sysselsatte_innvkat","personer"
"2006","60","befolkningen_ellers","10461","sysselsatte_innvkat","personer"
"2006","60","innvandrere","311","sysselsatte_innvkat","personer"
"2006","61","alle","109578","sysselsatte_innvkat","personer"
"2006","61","befolkningen_ellers","103150","sysselsatte_innvkat","personer"
"2006","61","innvandrere","6428","sysselsatte_innvkat","personer"
"2006","62","alle","4582","sysselsatte_innvkat","personer"
"2006","62","befolkningen_ellers","4384","sysselsatte_innvkat","personer"
"2006","62","innvandrere","198","sysselsatte_innvkat","personer"
"2006","63","alle","12626","sysselsatte_innvkat","personer"
"2006","63","befolkningen_ellers","12265","sysselsatte_innvkat","personer"
"2006","63","innvandrere","361","sysselsatte_innvkat","personer"
"2006","64","alle","30231","sysselsatte_innvkat","personer"
"2006","64","befolkningen_ellers","29397","sysselsatte_innvkat","personer"
"2006","64","innvandrere","834","sysselsatte_innvkat","personer"
"2006","65","alle","4458","sysselsatte_innvkat","personer"
"2006","65","befolkningen_ellers","4334","sysselsatte_innvkat","personer"
"2006","65","innvandrere","124","sysselsatte_innvkat","personer"
"2006","66","alle","4755","sysselsatte_innvkat","personer"
"2006","66","befolkningen_ellers","4651","sysselsatte_innvkat","personer"
"2006","66","innvandrere","104","sysselsatte_innvkat","personer"
"2006","67","alle","9763","sysselsatte_innvkat","personer"
"2006","67","befolkningen_ellers","9473","sysselsatte_innvkat","personer"
"2006","67","innvandrere","290","sysselsatte_innvkat","personer"
"2006","68","alle","6335","sysselsatte_innvkat","personer"
"2006","68","befolkningen_ellers","6167","sysselsatte_innvkat","personer"
"2006","68","innvandrere","168","sysselsatte_innvkat","personer"
"2006","69","alle","6131","sysselsatte_innvkat","personer"
"2006","69","befolkningen_ellers","5902","sysselsatte_innvkat","personer"
"2006","69","innvandrere","229","sysselsatte_innvkat","personer"
"2006","70","alle","1803","sysselsatte_innvkat","personer"
"2006","70","befolkningen_ellers","1753","sysselsatte_innvkat","personer"
"2006","70","innvandrere","50","sysselsatte_innvkat","personer"
"2006","71","alle","8021","sysselsatte_innvkat","personer"
"2006","71","befolkningen_ellers","7820","sysselsatte_innvkat","personer"
"2006","71","innvandrere","201","sysselsatte_innvkat","personer"
"2006","72","alle","14757","sysselsatte_innvkat","personer"
"2006","72","befolkningen_ellers","14351","sysselsatte_innvkat","personer"
"2006","72","innvandrere","406","sysselsatte_innvkat","personer"
"2006","73","alle","38878","sysselsatte_innvkat","personer"
"2006","73","befolkningen_ellers","37538","sysselsatte_innvkat","personer"
"2006","73","innvandrere","1340","sysselsatte_innvkat","personer"
"2006","74","alle","11853","sysselsatte_innvkat","personer"
"2006","74","befolkningen_ellers","11258","sysselsatte_innvkat","personer"
"2006","74","innvandrere","595","sysselsatte_innvkat","personer"
"2006","75","alle","11180","sysselsatte_innvkat","personer"
"2006","75","befolkningen_ellers","10758","sysselsatte_innvkat","personer"
"2006","75","innvandrere","422","sysselsatte_innvkat","personer"
"2006","76","alle","15566","sysselsatte_innvkat","personer"
"2006","76","befolkningen_ellers","14968","sysselsatte_innvkat","personer"
"2006","76","innvandrere","598","sysselsatte_innvkat","personer"
"2006","77","alle","17329","sysselsatte_innvkat","personer"
"2006","77","befolkningen_ellers","16640","sysselsatte_innvkat","personer"
"2006","77","innvandrere","689","sysselsatte_innvkat","personer"
"2006","78","alle","14548","sysselsatte_innvkat","personer"
"2006","78","befolkningen_ellers","14080","sysselsatte_innvkat","personer"
"2006","78","innvandrere","468","sysselsatte_innvkat","personer"
"2006","79","alle","39323","sysselsatte_innvkat","personer"
"2006","79","befolkningen_ellers","36692","sysselsatte_innvkat","personer"
"2006","79","innvandrere","2631","sysselsatte_innvkat","personer"
"2006","80","alle","7837","sysselsatte_innvkat","personer"
"2006","80","befolkningen_ellers","7584","sysselsatte_innvkat","personer"
"2006","80","innvandrere","253","sysselsatte_innvkat","personer"
"2006","81","alle","18006","sysselsatte_innvkat","personer"
"2006","81","befolkningen_ellers","16982","sysselsatte_innvkat","personer"
"2006","81","innvandrere","1024","sysselsatte_innvkat","personer"
"2006","82","alle","7120","sysselsatte_innvkat","personer"
"2006","82","befolkningen_ellers","6711","sysselsatte_innvkat","personer"
"2006","82","innvandrere","409","sysselsatte_innvkat","personer"
"2006","83","alle","11338","sysselsatte_innvkat","personer"
"2006","83","befolkningen_ellers","10344","sysselsatte_innvkat","personer"
"2006","83","innvandrere","994","sysselsatte_innvkat","personer"
"2007","01","alle","13425","sysselsatte_innvkat","personer"
"2007","01","befolkningen_ellers","12515","sysselsatte_innvkat","personer"
"2007","01","innvandrere","910","sysselsatte_innvkat","personer"
"2007","02","alle","28777","sysselsatte_innvkat","personer"
"2007","02","befolkningen_ellers","26685","sysselsatte_innvkat","personer"
"2007","02","innvandrere","2092","sysselsatte_innvkat","personer"
"2007","03","alle","27429","sysselsatte_innvkat","personer"
"2007","03","befolkningen_ellers","25074","sysselsatte_innvkat","personer"
"2007","03","innvandrere","2355","sysselsatte_innvkat","personer"
"2007","04","alle","62606","sysselsatte_innvkat","personer"
"2007","04","befolkningen_ellers","57597","sysselsatte_innvkat","personer"
"2007","04","innvandrere","5009","sysselsatte_innvkat","personer"
"2007","05","alle","84469","sysselsatte_innvkat","personer"
"2007","05","befolkningen_ellers","73845","sysselsatte_innvkat","personer"
"2007","05","innvandrere","10624","sysselsatte_innvkat","personer"
"2007","06","alle","65296","sysselsatte_innvkat","personer"
"2007","06","befolkningen_ellers","59146","sysselsatte_innvkat","personer"
"2007","06","innvandrere","6150","sysselsatte_innvkat","personer"
"2007","07","alle","82305","sysselsatte_innvkat","personer"
"2007","07","befolkningen_ellers","73492","sysselsatte_innvkat","personer"
"2007","07","innvandrere","8813","sysselsatte_innvkat","personer"
"2007","08","alle","45070","sysselsatte_innvkat","personer"
"2007","08","befolkningen_ellers","41797","sysselsatte_innvkat","personer"
"2007","08","innvandrere","3273","sysselsatte_innvkat","personer"
"2007","09","alle","307404","sysselsatte_innvkat","personer"
"2007","09","befolkningen_ellers","248044","sysselsatte_innvkat","personer"
"2007","09","innvandrere","59360","sysselsatte_innvkat","personer"
"2007","10","alle","8235","sysselsatte_innvkat","personer"
"2007","10","befolkningen_ellers","7905","sysselsatte_innvkat","personer"
"2007","10","innvandrere","330","sysselsatte_innvkat","personer"
"2007","11","alle","25404","sysselsatte_innvkat","personer"
"2007","11","befolkningen_ellers","24226","sysselsatte_innvkat","personer"
"2007","11","innvandrere","1178","sysselsatte_innvkat","personer"
"2007","12","alle","43557","sysselsatte_innvkat","personer"
"2007","12","befolkningen_ellers","41417","sysselsatte_innvkat","personer"
"2007","12","innvandrere","2140","sysselsatte_innvkat","personer"
"2007","13","alle","16983","sysselsatte_innvkat","personer"
"2007","13","befolkningen_ellers","16188","sysselsatte_innvkat","personer"
"2007","13","innvandrere","795","sysselsatte_innvkat","personer"
"2007","14","alle","35951","sysselsatte_innvkat","personer"
"2007","14","befolkningen_ellers","34170","sysselsatte_innvkat","personer"
"2007","14","innvandrere","1781","sysselsatte_innvkat","personer"
"2007","15","alle","14732","sysselsatte_innvkat","personer"
"2007","15","befolkningen_ellers","14074","sysselsatte_innvkat","personer"
"2007","15","innvandrere","658","sysselsatte_innvkat","personer"
"2007","16","alle","19425","sysselsatte_innvkat","personer"
"2007","16","befolkningen_ellers","18228","sysselsatte_innvkat","personer"
"2007","16","innvandrere","1197","sysselsatte_innvkat","personer"
"2007","17","alle","6916","sysselsatte_innvkat","personer"
"2007","17","befolkningen_ellers","6682","sysselsatte_innvkat","personer"
"2007","17","innvandrere","234","sysselsatte_innvkat","personer"
"2007","18","alle","10125","sysselsatte_innvkat","personer"
"2007","18","befolkningen_ellers","9875","sysselsatte_innvkat","personer"
"2007","18","innvandrere","250","sysselsatte_innvkat","personer"
"2007","19","alle","9793","sysselsatte_innvkat","personer"
"2007","19","befolkningen_ellers","9345","sysselsatte_innvkat","personer"
"2007","19","innvandrere","448","sysselsatte_innvkat","personer"
"2007","20","alle","84992","sysselsatte_innvkat","personer"
"2007","20","befolkningen_ellers","75959","sysselsatte_innvkat","personer"
"2007","20","innvandrere","9033","sysselsatte_innvkat","personer"
"2007","21","alle","11154","sysselsatte_innvkat","personer"
"2007","21","befolkningen_ellers","10207","sysselsatte_innvkat","personer"
"2007","21","innvandrere","947","sysselsatte_innvkat","personer"
"2007","22","alle","16724","sysselsatte_innvkat","personer"
"2007","22","befolkningen_ellers","15587","sysselsatte_innvkat","personer"
"2007","22","innvandrere","1137","sysselsatte_innvkat","personer"
"2007","23","alle","9750","sysselsatte_innvkat","personer"
"2007","23","befolkningen_ellers","9354","sysselsatte_innvkat","personer"
"2007","23","innvandrere","396","sysselsatte_innvkat","personer"
"2007","24","alle","17849","sysselsatte_innvkat","personer"
"2007","24","befolkningen_ellers","16648","sysselsatte_innvkat","personer"
"2007","24","innvandrere","1201","sysselsatte_innvkat","personer"
"2007","25","alle","64168","sysselsatte_innvkat","personer"
"2007","25","befolkningen_ellers","59390","sysselsatte_innvkat","personer"
"2007","25","innvandrere","4778","sysselsatte_innvkat","personer"
"2007","26","alle","43388","sysselsatte_innvkat","personer"
"2007","26","befolkningen_ellers","40062","sysselsatte_innvkat","personer"
"2007","26","innvandrere","3326","sysselsatte_innvkat","personer"
"2007","27","alle","57889","sysselsatte_innvkat","personer"
"2007","27","befolkningen_ellers","54149","sysselsatte_innvkat","personer"
"2007","27","innvandrere","3740","sysselsatte_innvkat","personer"
"2007","28","alle","7982","sysselsatte_innvkat","personer"
"2007","28","befolkningen_ellers","7552","sysselsatte_innvkat","personer"
"2007","28","innvandrere","430","sysselsatte_innvkat","personer"
"2007","29","alle","9913","sysselsatte_innvkat","personer"
"2007","29","befolkningen_ellers","9347","sysselsatte_innvkat","personer"
"2007","29","innvandrere","566","sysselsatte_innvkat","personer"
"2007","30","alle","7619","sysselsatte_innvkat","personer"
"2007","30","befolkningen_ellers","7260","sysselsatte_innvkat","personer"
"2007","30","innvandrere","359","sysselsatte_innvkat","personer"
"2007","31","alle","3663","sysselsatte_innvkat","personer"
"2007","31","befolkningen_ellers","3425","sysselsatte_innvkat","personer"
"2007","31","innvandrere","238","sysselsatte_innvkat","personer"
"2007","32","alle","42036","sysselsatte_innvkat","personer"
"2007","32","befolkningen_ellers","39491","sysselsatte_innvkat","personer"
"2007","32","innvandrere","2545","sysselsatte_innvkat","personer"
"2007","33","alle","17788","sysselsatte_innvkat","personer"
"2007","33","befolkningen_ellers","16749","sysselsatte_innvkat","personer"
"2007","33","innvandrere","1039","sysselsatte_innvkat","personer"
"2007","34","alle","11844","sysselsatte_innvkat","personer"
"2007","34","befolkningen_ellers","11220","sysselsatte_innvkat","personer"
"2007","34","innvandrere","624","sysselsatte_innvkat","personer"
"2007","35","alle","62755","sysselsatte_innvkat","personer"
"2007","35","befolkningen_ellers","57440","sysselsatte_innvkat","personer"
"2007","35","innvandrere","5315","sysselsatte_innvkat","personer"
"2007","36","alle","12116","sysselsatte_innvkat","personer"
"2007","36","befolkningen_ellers","11443","sysselsatte_innvkat","personer"
"2007","36","innvandrere","673","sysselsatte_innvkat","personer"
"2007","37","alle","49269","sysselsatte_innvkat","personer"
"2007","37","befolkningen_ellers","45868","sysselsatte_innvkat","personer"
"2007","37","innvandrere","3401","sysselsatte_innvkat","personer"
"2007","38","alle","11567","sysselsatte_innvkat","personer"
"2007","38","befolkningen_ellers","10942","sysselsatte_innvkat","personer"
"2007","38","innvandrere","625","sysselsatte_innvkat","personer"
"2007","39","alle","150007","sysselsatte_innvkat","personer"
"2007","39","befolkningen_ellers","134676","sysselsatte_innvkat","personer"
"2007","39","innvandrere","15331","sysselsatte_innvkat","personer"
"2007","40","alle","131765","sysselsatte_innvkat","personer"
"2007","40","befolkningen_ellers","119980","sysselsatte_innvkat","personer"
"2007","40","innvandrere","11785","sysselsatte_innvkat","personer"
"2007","41","alle","11970","sysselsatte_innvkat","personer"
"2007","41","befolkningen_ellers","11371","sysselsatte_innvkat","personer"
"2007","41","innvandrere","599","sysselsatte_innvkat","personer"
"2007","42","alle","11911","sysselsatte_innvkat","personer"
"2007","42","befolkningen_ellers","11373","sysselsatte_innvkat","personer"
"2007","42","innvandrere","538","sysselsatte_innvkat","personer"
"2007","43","alle","7125","sysselsatte_innvkat","personer"
"2007","43","befolkningen_ellers","6854","sysselsatte_innvkat","personer"
"2007","43","innvandrere","271","sysselsatte_innvkat","personer"
"2007","44","alle","15715","sysselsatte_innvkat","personer"
"2007","44","befolkningen_ellers","15061","sysselsatte_innvkat","personer"
"2007","44","innvandrere","654","sysselsatte_innvkat","personer"
"2007","45","alle","5909","sysselsatte_innvkat","personer"
"2007","45","befolkningen_ellers","5678","sysselsatte_innvkat","personer"
"2007","45","innvandrere","231","sysselsatte_innvkat","personer"
"2007","46","alle","31178","sysselsatte_innvkat","personer"
"2007","46","befolkningen_ellers","29796","sysselsatte_innvkat","personer"
"2007","46","innvandrere","1382","sysselsatte_innvkat","personer"
"2007","47","alle","28500","sysselsatte_innvkat","personer"
"2007","47","befolkningen_ellers","27125","sysselsatte_innvkat","personer"
"2007","47","innvandrere","1375","sysselsatte_innvkat","personer"
"2007","48","alle","4027","sysselsatte_innvkat","personer"
"2007","48","befolkningen_ellers","3861","sysselsatte_innvkat","personer"
"2007","48","innvandrere","166","sysselsatte_innvkat","personer"
"2007","49","alle","17052","sysselsatte_innvkat","personer"
"2007","49","befolkningen_ellers","16133","sysselsatte_innvkat","personer"
"2007","49","innvandrere","919","sysselsatte_innvkat","personer"
"2007","50","alle","16963","sysselsatte_innvkat","personer"
"2007","50","befolkningen_ellers","16084","sysselsatte_innvkat","personer"
"2007","50","innvandrere","879","sysselsatte_innvkat","personer"
"2007","51","alle","17263","sysselsatte_innvkat","personer"
"2007","51","befolkningen_ellers","16453","sysselsatte_innvkat","personer"
"2007","51","innvandrere","810","sysselsatte_innvkat","personer"
"2007","52","alle","30956","sysselsatte_innvkat","personer"
"2007","52","befolkningen_ellers","29638","sysselsatte_innvkat","personer"
"2007","52","innvandrere","1318","sysselsatte_innvkat","personer"
"2007","53","alle","29672","sysselsatte_innvkat","personer"
"2007","53","befolkningen_ellers","28290","sysselsatte_innvkat","personer"
"2007","53","innvandrere","1382","sysselsatte_innvkat","personer"
"2007","54","alle","9307","sysselsatte_innvkat","personer"
"2007","54","befolkningen_ellers","8613","sysselsatte_innvkat","personer"
"2007","54","innvandrere","694","sysselsatte_innvkat","personer"
"2007","55","alle","23186","sysselsatte_innvkat","personer"
"2007","55","befolkningen_ellers","22108","sysselsatte_innvkat","personer"
"2007","55","innvandrere","1078","sysselsatte_innvkat","personer"
"2007","56","alle","37547","sysselsatte_innvkat","personer"
"2007","56","befolkningen_ellers","35284","sysselsatte_innvkat","personer"
"2007","56","innvandrere","2263","sysselsatte_innvkat","personer"
"2007","57","alle","12369","sysselsatte_innvkat","personer"
"2007","57","befolkningen_ellers","12020","sysselsatte_innvkat","personer"
"2007","57","innvandrere","349","sysselsatte_innvkat","personer"
"2007","58","alle","4229","sysselsatte_innvkat","personer"
"2007","58","befolkningen_ellers","3840","sysselsatte_innvkat","personer"
"2007","58","innvandrere","389","sysselsatte_innvkat","personer"
"2007","59","alle","4926","sysselsatte_innvkat","personer"
"2007","59","befolkningen_ellers","4760","sysselsatte_innvkat","personer"
"2007","59","innvandrere","166","sysselsatte_innvkat","personer"
"2007","60","alle","11160","sysselsatte_innvkat","personer"
"2007","60","befolkningen_ellers","10781","sysselsatte_innvkat","personer"
"2007","60","innvandrere","379","sysselsatte_innvkat","personer"
"2007","61","alle","114488","sysselsatte_innvkat","personer"
"2007","61","befolkningen_ellers","106755","sysselsatte_innvkat","personer"
"2007","61","innvandrere","7733","sysselsatte_innvkat","personer"
"2007","62","alle","4632","sysselsatte_innvkat","personer"
"2007","62","befolkningen_ellers","4418","sysselsatte_innvkat","personer"
"2007","62","innvandrere","214","sysselsatte_innvkat","personer"
"2007","63","alle","13102","sysselsatte_innvkat","personer"
"2007","63","befolkningen_ellers","12662","sysselsatte_innvkat","personer"
"2007","63","innvandrere","440","sysselsatte_innvkat","personer"
"2007","64","alle","31579","sysselsatte_innvkat","personer"
"2007","64","befolkningen_ellers","30340","sysselsatte_innvkat","personer"
"2007","64","innvandrere","1239","sysselsatte_innvkat","personer"
"2007","65","alle","4597","sysselsatte_innvkat","personer"
"2007","65","befolkningen_ellers","4454","sysselsatte_innvkat","personer"
"2007","65","innvandrere","143","sysselsatte_innvkat","personer"
"2007","66","alle","4880","sysselsatte_innvkat","personer"
"2007","66","befolkningen_ellers","4757","sysselsatte_innvkat","personer"
"2007","66","innvandrere","123","sysselsatte_innvkat","personer"
"2007","67","alle","10219","sysselsatte_innvkat","personer"
"2007","67","befolkningen_ellers","9894","sysselsatte_innvkat","personer"
"2007","67","innvandrere","325","sysselsatte_innvkat","personer"
"2007","68","alle","6447","sysselsatte_innvkat","personer"
"2007","68","befolkningen_ellers","6259","sysselsatte_innvkat","personer"
"2007","68","innvandrere","188","sysselsatte_innvkat","personer"
"2007","69","alle","6245","sysselsatte_innvkat","personer"
"2007","69","befolkningen_ellers","5997","sysselsatte_innvkat","personer"
"2007","69","innvandrere","248","sysselsatte_innvkat","personer"
"2007","70","alle","1812","sysselsatte_innvkat","personer"
"2007","70","befolkningen_ellers","1757","sysselsatte_innvkat","personer"
"2007","70","innvandrere","55","sysselsatte_innvkat","personer"
"2007","71","alle","8304","sysselsatte_innvkat","personer"
"2007","71","befolkningen_ellers","8037","sysselsatte_innvkat","personer"
"2007","71","innvandrere","267","sysselsatte_innvkat","personer"
"2007","72","alle","15316","sysselsatte_innvkat","personer"
"2007","72","befolkningen_ellers","14835","sysselsatte_innvkat","personer"
"2007","72","innvandrere","481","sysselsatte_innvkat","personer"
"2007","73","alle","40312","sysselsatte_innvkat","personer"
"2007","73","befolkningen_ellers","38730","sysselsatte_innvkat","personer"
"2007","73","innvandrere","1582","sysselsatte_innvkat","personer"
"2007","74","alle","12404","sysselsatte_innvkat","personer"
"2007","74","befolkningen_ellers","11682","sysselsatte_innvkat","personer"
"2007","74","innvandrere","722","sysselsatte_innvkat","personer"
"2007","75","alle","11598","sysselsatte_innvkat","personer"
"2007","75","befolkningen_ellers","11068","sysselsatte_innvkat","personer"
"2007","75","innvandrere","530","sysselsatte_innvkat","personer"
"2007","76","alle","15934","sysselsatte_innvkat","personer"
"2007","76","befolkningen_ellers","15298","sysselsatte_innvkat","personer"
"2007","76","innvandrere","636","sysselsatte_innvkat","personer"
"2007","77","alle","17813","sysselsatte_innvkat","personer"
"2007","77","befolkningen_ellers","17055","sysselsatte_innvkat","personer"
"2007","77","innvandrere","758","sysselsatte_innvkat","personer"
"2007","78","alle","15024","sysselsatte_innvkat","personer"
"2007","78","befolkningen_ellers","14510","sysselsatte_innvkat","personer"
"2007","78","innvandrere","514","sysselsatte_innvkat","personer"
"2007","79","alle","40378","sysselsatte_innvkat","personer"
"2007","79","befolkningen_ellers","37380","sysselsatte_innvkat","personer"
"2007","79","innvandrere","2998","sysselsatte_innvkat","personer"
"2007","80","alle","8080","sysselsatte_innvkat","personer"
"2007","80","befolkningen_ellers","7830","sysselsatte_innvkat","personer"
"2007","80","innvandrere","250","sysselsatte_innvkat","personer"
"2007","81","alle","18630","sysselsatte_innvkat","personer"
"2007","81","befolkningen_ellers","17382","sysselsatte_innvkat","personer"
"2007","81","innvandrere","1248","sysselsatte_innvkat","personer"
"2007","82","alle","7232","sysselsatte_innvkat","personer"
"2007","82","befolkningen_ellers","6815","sysselsatte_innvkat","personer"
"2007","82","innvandrere","417","sysselsatte_innvkat","personer"
"2007","83","alle","11572","sysselsatte_innvkat","personer"
"2007","83","befolkningen_ellers","10503","sysselsatte_innvkat","personer"
"2007","83","innvandrere","1069","sysselsatte_innvkat","personer"
"2008","01","alle","13620","sysselsatte_innvkat","personer"
"2008","01","befolkningen_ellers","12609","sysselsatte_innvkat","personer"
"2008","01","innvandrere","1011","sysselsatte_innvkat","personer"
"2008","02","alle","29332","sysselsatte_innvkat","personer"
"2008","02","befolkningen_ellers","26963","sysselsatte_innvkat","personer"
"2008","02","innvandrere","2369","sysselsatte_innvkat","personer"
"2008","03","alle","27813","sysselsatte_innvkat","personer"
"2008","03","befolkningen_ellers","25162","sysselsatte_innvkat","personer"
"2008","03","innvandrere","2651","sysselsatte_innvkat","personer"
"2008","04","alle","63203","sysselsatte_innvkat","personer"
"2008","04","befolkningen_ellers","57521","sysselsatte_innvkat","personer"
"2008","04","innvandrere","5682","sysselsatte_innvkat","personer"
"2008","05","alle","85881","sysselsatte_innvkat","personer"
"2008","05","befolkningen_ellers","74176","sysselsatte_innvkat","personer"
"2008","05","innvandrere","11705","sysselsatte_innvkat","personer"
"2008","06","alle","66499","sysselsatte_innvkat","personer"
"2008","06","befolkningen_ellers","59640","sysselsatte_innvkat","personer"
"2008","06","innvandrere","6859","sysselsatte_innvkat","personer"
"2008","07","alle","83601","sysselsatte_innvkat","personer"
"2008","07","befolkningen_ellers","73838","sysselsatte_innvkat","personer"
"2008","07","innvandrere","9763","sysselsatte_innvkat","personer"
"2008","08","alle","46401","sysselsatte_innvkat","personer"
"2008","08","befolkningen_ellers","42528","sysselsatte_innvkat","personer"
"2008","08","innvandrere","3873","sysselsatte_innvkat","personer"
"2008","09","alle","316353","sysselsatte_innvkat","personer"
"2008","09","befolkningen_ellers","250634","sysselsatte_innvkat","personer"
"2008","09","innvandrere","65719","sysselsatte_innvkat","personer"
"2008","10","alle","8151","sysselsatte_innvkat","personer"
"2008","10","befolkningen_ellers","7804","sysselsatte_innvkat","personer"
"2008","10","innvandrere","347","sysselsatte_innvkat","personer"
"2008","11","alle","25710","sysselsatte_innvkat","personer"
"2008","11","befolkningen_ellers","24402","sysselsatte_innvkat","personer"
"2008","11","innvandrere","1308","sysselsatte_innvkat","personer"
"2008","12","alle","43888","sysselsatte_innvkat","personer"
"2008","12","befolkningen_ellers","41549","sysselsatte_innvkat","personer"
"2008","12","innvandrere","2339","sysselsatte_innvkat","personer"
"2008","13","alle","17308","sysselsatte_innvkat","personer"
"2008","13","befolkningen_ellers","16413","sysselsatte_innvkat","personer"
"2008","13","innvandrere","895","sysselsatte_innvkat","personer"
"2008","14","alle","36096","sysselsatte_innvkat","personer"
"2008","14","befolkningen_ellers","34092","sysselsatte_innvkat","personer"
"2008","14","innvandrere","2004","sysselsatte_innvkat","personer"
"2008","15","alle","14672","sysselsatte_innvkat","personer"
"2008","15","befolkningen_ellers","13978","sysselsatte_innvkat","personer"
"2008","15","innvandrere","694","sysselsatte_innvkat","personer"
"2008","16","alle","19591","sysselsatte_innvkat","personer"
"2008","16","befolkningen_ellers","18269","sysselsatte_innvkat","personer"
"2008","16","innvandrere","1322","sysselsatte_innvkat","personer"
"2008","17","alle","7055","sysselsatte_innvkat","personer"
"2008","17","befolkningen_ellers","6735","sysselsatte_innvkat","personer"
"2008","17","innvandrere","320","sysselsatte_innvkat","personer"
"2008","18","alle","10114","sysselsatte_innvkat","personer"
"2008","18","befolkningen_ellers","9814","sysselsatte_innvkat","personer"
"2008","18","innvandrere","300","sysselsatte_innvkat","personer"
"2008","19","alle","9740","sysselsatte_innvkat","personer"
"2008","19","befolkningen_ellers","9223","sysselsatte_innvkat","personer"
"2008","19","innvandrere","517","sysselsatte_innvkat","personer"
"2008","20","alle","86207","sysselsatte_innvkat","personer"
"2008","20","befolkningen_ellers","76383","sysselsatte_innvkat","personer"
"2008","20","innvandrere","9824","sysselsatte_innvkat","personer"
"2008","21","alle","11288","sysselsatte_innvkat","personer"
"2008","21","befolkningen_ellers","10165","sysselsatte_innvkat","personer"
"2008","21","innvandrere","1123","sysselsatte_innvkat","personer"
"2008","22","alle","17072","sysselsatte_innvkat","personer"
"2008","22","befolkningen_ellers","15644","sysselsatte_innvkat","personer"
"2008","22","innvandrere","1428","sysselsatte_innvkat","personer"
"2008","23","alle","9865","sysselsatte_innvkat","personer"
"2008","23","befolkningen_ellers","9403","sysselsatte_innvkat","personer"
"2008","23","innvandrere","462","sysselsatte_innvkat","personer"
"2008","24","alle","18169","sysselsatte_innvkat","personer"
"2008","24","befolkningen_ellers","16759","sysselsatte_innvkat","personer"
"2008","24","innvandrere","1410","sysselsatte_innvkat","personer"
"2008","25","alle","65055","sysselsatte_innvkat","personer"
"2008","25","befolkningen_ellers","59735","sysselsatte_innvkat","personer"
"2008","25","innvandrere","5320","sysselsatte_innvkat","personer"
"2008","26","alle","43889","sysselsatte_innvkat","personer"
"2008","26","befolkningen_ellers","40132","sysselsatte_innvkat","personer"
"2008","26","innvandrere","3757","sysselsatte_innvkat","personer"
"2008","27","alle","58823","sysselsatte_innvkat","personer"
"2008","27","befolkningen_ellers","54626","sysselsatte_innvkat","personer"
"2008","27","innvandrere","4197","sysselsatte_innvkat","personer"
"2008","28","alle","8105","sysselsatte_innvkat","personer"
"2008","28","befolkningen_ellers","7655","sysselsatte_innvkat","personer"
"2008","28","innvandrere","450","sysselsatte_innvkat","personer"
"2008","29","alle","9964","sysselsatte_innvkat","personer"
"2008","29","befolkningen_ellers","9331","sysselsatte_innvkat","personer"
"2008","29","innvandrere","633","sysselsatte_innvkat","personer"
"2008","30","alle","7749","sysselsatte_innvkat","personer"
"2008","30","befolkningen_ellers","7319","sysselsatte_innvkat","personer"
"2008","30","innvandrere","430","sysselsatte_innvkat","personer"
"2008","31","alle","3705","sysselsatte_innvkat","personer"
"2008","31","befolkningen_ellers","3436","sysselsatte_innvkat","personer"
"2008","31","innvandrere","269","sysselsatte_innvkat","personer"
"2008","32","alle","42813","sysselsatte_innvkat","personer"
"2008","32","befolkningen_ellers","39851","sysselsatte_innvkat","personer"
"2008","32","innvandrere","2962","sysselsatte_innvkat","personer"
"2008","33","alle","17835","sysselsatte_innvkat","personer"
"2008","33","befolkningen_ellers","16670","sysselsatte_innvkat","personer"
"2008","33","innvandrere","1165","sysselsatte_innvkat","personer"
"2008","34","alle","12060","sysselsatte_innvkat","personer"
"2008","34","befolkningen_ellers","11309","sysselsatte_innvkat","personer"
"2008","34","innvandrere","751","sysselsatte_innvkat","personer"
"2008","35","alle","64111","sysselsatte_innvkat","personer"
"2008","35","befolkningen_ellers","58050","sysselsatte_innvkat","personer"
"2008","35","innvandrere","6061","sysselsatte_innvkat","personer"
"2008","36","alle","12299","sysselsatte_innvkat","personer"
"2008","36","befolkningen_ellers","11473","sysselsatte_innvkat","personer"
"2008","36","innvandrere","826","sysselsatte_innvkat","personer"
"2008","37","alle","50366","sysselsatte_innvkat","personer"
"2008","37","befolkningen_ellers","46454","sysselsatte_innvkat","personer"
"2008","37","innvandrere","3912","sysselsatte_innvkat","personer"
"2008","38","alle","11699","sysselsatte_innvkat","personer"
"2008","38","befolkningen_ellers","10923","sysselsatte_innvkat","personer"
"2008","38","innvandrere","776","sysselsatte_innvkat","personer"
"2008","39","alle","154768","sysselsatte_innvkat","personer"
"2008","39","befolkningen_ellers","136532","sysselsatte_innvkat","personer"
"2008","39","innvandrere","18236","sysselsatte_innvkat","personer"
"2008","40","alle","135120","sysselsatte_innvkat","personer"
"2008","40","befolkningen_ellers","121848","sysselsatte_innvkat","personer"
"2008","40","innvandrere","13272","sysselsatte_innvkat","personer"
"2008","41","alle","12125","sysselsatte_innvkat","personer"
"2008","41","befolkningen_ellers","11394","sysselsatte_innvkat","personer"
"2008","41","innvandrere","731","sysselsatte_innvkat","personer"
"2008","42","alle","11911","sysselsatte_innvkat","personer"
"2008","42","befolkningen_ellers","11235","sysselsatte_innvkat","personer"
"2008","42","innvandrere","676","sysselsatte_innvkat","personer"
"2008","43","alle","7191","sysselsatte_innvkat","personer"
"2008","43","befolkningen_ellers","6902","sysselsatte_innvkat","personer"
"2008","43","innvandrere","289","sysselsatte_innvkat","personer"
"2008","44","alle","15929","sysselsatte_innvkat","personer"
"2008","44","befolkningen_ellers","15132","sysselsatte_innvkat","personer"
"2008","44","innvandrere","797","sysselsatte_innvkat","personer"
"2008","45","alle","5955","sysselsatte_innvkat","personer"
"2008","45","befolkningen_ellers","5662","sysselsatte_innvkat","personer"
"2008","45","innvandrere","293","sysselsatte_innvkat","personer"
"2008","46","alle","31823","sysselsatte_innvkat","personer"
"2008","46","befolkningen_ellers","30066","sysselsatte_innvkat","personer"
"2008","46","innvandrere","1757","sysselsatte_innvkat","personer"
"2008","47","alle","29300","sysselsatte_innvkat","personer"
"2008","47","befolkningen_ellers","27644","sysselsatte_innvkat","personer"
"2008","47","innvandrere","1656","sysselsatte_innvkat","personer"
"2008","48","alle","3978","sysselsatte_innvkat","personer"
"2008","48","befolkningen_ellers","3789","sysselsatte_innvkat","personer"
"2008","48","innvandrere","189","sysselsatte_innvkat","personer"
"2008","49","alle","17035","sysselsatte_innvkat","personer"
"2008","49","befolkningen_ellers","15961","sysselsatte_innvkat","personer"
"2008","49","innvandrere","1074","sysselsatte_innvkat","personer"
"2008","50","alle","17075","sysselsatte_innvkat","personer"
"2008","50","befolkningen_ellers","16068","sysselsatte_innvkat","personer"
"2008","50","innvandrere","1007","sysselsatte_innvkat","personer"
"2008","51","alle","17479","sysselsatte_innvkat","personer"
"2008","51","befolkningen_ellers","16560","sysselsatte_innvkat","personer"
"2008","51","innvandrere","919","sysselsatte_innvkat","personer"
"2008","52","alle","30769","sysselsatte_innvkat","personer"
"2008","52","befolkningen_ellers","29241","sysselsatte_innvkat","personer"
"2008","52","innvandrere","1528","sysselsatte_innvkat","personer"
"2008","53","alle","30001","sysselsatte_innvkat","personer"
"2008","53","befolkningen_ellers","28299","sysselsatte_innvkat","personer"
"2008","53","innvandrere","1702","sysselsatte_innvkat","personer"
"2008","54","alle","9369","sysselsatte_innvkat","personer"
"2008","54","befolkningen_ellers","8526","sysselsatte_innvkat","personer"
"2008","54","innvandrere","843","sysselsatte_innvkat","personer"
"2008","55","alle","23417","sysselsatte_innvkat","personer"
"2008","55","befolkningen_ellers","22070","sysselsatte_innvkat","personer"
"2008","55","innvandrere","1347","sysselsatte_innvkat","personer"
"2008","56","alle","38375","sysselsatte_innvkat","personer"
"2008","56","befolkningen_ellers","35679","sysselsatte_innvkat","personer"
"2008","56","innvandrere","2696","sysselsatte_innvkat","personer"
"2008","57","alle","12303","sysselsatte_innvkat","personer"
"2008","57","befolkningen_ellers","11895","sysselsatte_innvkat","personer"
"2008","57","innvandrere","408","sysselsatte_innvkat","personer"
"2008","58","alle","4246","sysselsatte_innvkat","personer"
"2008","58","befolkningen_ellers","3739","sysselsatte_innvkat","personer"
"2008","58","innvandrere","507","sysselsatte_innvkat","personer"
"2008","59","alle","4982","sysselsatte_innvkat","personer"
"2008","59","befolkningen_ellers","4782","sysselsatte_innvkat","personer"
"2008","59","innvandrere","200","sysselsatte_innvkat","personer"
"2008","60","alle","11289","sysselsatte_innvkat","personer"
"2008","60","befolkningen_ellers","10862","sysselsatte_innvkat","personer"
"2008","60","innvandrere","427","sysselsatte_innvkat","personer"
"2008","61","alle","116896","sysselsatte_innvkat","personer"
"2008","61","befolkningen_ellers","108215","sysselsatte_innvkat","personer"
"2008","61","innvandrere","8681","sysselsatte_innvkat","personer"
"2008","62","alle","4576","sysselsatte_innvkat","personer"
"2008","62","befolkningen_ellers","4354","sysselsatte_innvkat","personer"
"2008","62","innvandrere","222","sysselsatte_innvkat","personer"
"2008","63","alle","13137","sysselsatte_innvkat","personer"
"2008","63","befolkningen_ellers","12635","sysselsatte_innvkat","personer"
"2008","63","innvandrere","502","sysselsatte_innvkat","personer"
"2008","64","alle","31583","sysselsatte_innvkat","personer"
"2008","64","befolkningen_ellers","30206","sysselsatte_innvkat","personer"
"2008","64","innvandrere","1377","sysselsatte_innvkat","personer"
"2008","65","alle","4544","sysselsatte_innvkat","personer"
"2008","65","befolkningen_ellers","4397","sysselsatte_innvkat","personer"
"2008","65","innvandrere","147","sysselsatte_innvkat","personer"
"2008","66","alle","4870","sysselsatte_innvkat","personer"
"2008","66","befolkningen_ellers","4704","sysselsatte_innvkat","personer"
"2008","66","innvandrere","166","sysselsatte_innvkat","personer"
"2008","67","alle","10336","sysselsatte_innvkat","personer"
"2008","67","befolkningen_ellers","9950","sysselsatte_innvkat","personer"
"2008","67","innvandrere","386","sysselsatte_innvkat","personer"
"2008","68","alle","6496","sysselsatte_innvkat","personer"
"2008","68","befolkningen_ellers","6280","sysselsatte_innvkat","personer"
"2008","68","innvandrere","216","sysselsatte_innvkat","personer"
"2008","69","alle","6222","sysselsatte_innvkat","personer"
"2008","69","befolkningen_ellers","5958","sysselsatte_innvkat","personer"
"2008","69","innvandrere","264","sysselsatte_innvkat","personer"
"2008","70","alle","1825","sysselsatte_innvkat","personer"
"2008","70","befolkningen_ellers","1751","sysselsatte_innvkat","personer"
"2008","70","innvandrere","74","sysselsatte_innvkat","personer"
"2008","71","alle","8258","sysselsatte_innvkat","personer"
"2008","71","befolkningen_ellers","7983","sysselsatte_innvkat","personer"
"2008","71","innvandrere","275","sysselsatte_innvkat","personer"
"2008","72","alle","15567","sysselsatte_innvkat","personer"
"2008","72","befolkningen_ellers","14955","sysselsatte_innvkat","personer"
"2008","72","innvandrere","612","sysselsatte_innvkat","personer"
"2008","73","alle","40634","sysselsatte_innvkat","personer"
"2008","73","befolkningen_ellers","38824","sysselsatte_innvkat","personer"
"2008","73","innvandrere","1810","sysselsatte_innvkat","personer"
"2008","74","alle","12484","sysselsatte_innvkat","personer"
"2008","74","befolkningen_ellers","11675","sysselsatte_innvkat","personer"
"2008","74","innvandrere","809","sysselsatte_innvkat","personer"
"2008","75","alle","11740","sysselsatte_innvkat","personer"
"2008","75","befolkningen_ellers","11118","sysselsatte_innvkat","personer"
"2008","75","innvandrere","622","sysselsatte_innvkat","personer"
"2008","76","alle","15715","sysselsatte_innvkat","personer"
"2008","76","befolkningen_ellers","14983","sysselsatte_innvkat","personer"
"2008","76","innvandrere","732","sysselsatte_innvkat","personer"
"2008","77","alle","17783","sysselsatte_innvkat","personer"
"2008","77","befolkningen_ellers","16961","sysselsatte_innvkat","personer"
"2008","77","innvandrere","822","sysselsatte_innvkat","personer"
"2008","78","alle","15031","sysselsatte_innvkat","personer"
"2008","78","befolkningen_ellers","14414","sysselsatte_innvkat","personer"
"2008","78","innvandrere","617","sysselsatte_innvkat","personer"
"2008","79","alle","40792","sysselsatte_innvkat","personer"
"2008","79","befolkningen_ellers","37501","sysselsatte_innvkat","personer"
"2008","79","innvandrere","3291","sysselsatte_innvkat","personer"
"2008","80","alle","8046","sysselsatte_innvkat","personer"
"2008","80","befolkningen_ellers","7765","sysselsatte_innvkat","personer"
"2008","80","innvandrere","281","sysselsatte_innvkat","personer"
"2008","81","alle","18750","sysselsatte_innvkat","personer"
"2008","81","befolkningen_ellers","17303","sysselsatte_innvkat","personer"
"2008","81","innvandrere","1447","sysselsatte_innvkat","personer"
"2008","82","alle","7147","sysselsatte_innvkat","personer"
"2008","82","befolkningen_ellers","6681","sysselsatte_innvkat","personer"
"2008","82","innvandrere","466","sysselsatte_innvkat","personer"
"2008","83","alle","11778","sysselsatte_innvkat","personer"
"2008","83","befolkningen_ellers","10570","sysselsatte_innvkat","personer"
"2008","83","innvandrere","1208","sysselsatte_innvkat","personer"
"2009","01","alle","13346","sysselsatte_innvkat","personer"
"2009","01","befolkningen_ellers","12322","sysselsatte_innvkat","personer"
"2009","01","innvandrere","1024","sysselsatte_innvkat","personer"
"2009","02","alle","28712","sysselsatte_innvkat","personer"
"2009","02","befolkningen_ellers","26241","sysselsatte_innvkat","personer"
"2009","02","innvandrere","2471","sysselsatte_innvkat","personer"
"2009","03","alle","27046","sysselsatte_innvkat","personer"
"2009","03","befolkningen_ellers","24452","sysselsatte_innvkat","personer"
"2009","03","innvandrere","2594","sysselsatte_innvkat","personer"
"2009","04","alle","61622","sysselsatte_innvkat","personer"
"2009","04","befolkningen_ellers","55938","sysselsatte_innvkat","personer"
"2009","04","innvandrere","5684","sysselsatte_innvkat","personer"
"2009","05","alle","85115","sysselsatte_innvkat","personer"
"2009","05","befolkningen_ellers","73139","sysselsatte_innvkat","personer"
"2009","05","innvandrere","11976","sysselsatte_innvkat","personer"
"2009","06","alle","65370","sysselsatte_innvkat","personer"
"2009","06","befolkningen_ellers","58385","sysselsatte_innvkat","personer"
"2009","06","innvandrere","6985","sysselsatte_innvkat","personer"
"2009","07","alle","83030","sysselsatte_innvkat","personer"
"2009","07","befolkningen_ellers","72723","sysselsatte_innvkat","personer"
"2009","07","innvandrere","10307","sysselsatte_innvkat","personer"
"2009","08","alle","46017","sysselsatte_innvkat","personer"
"2009","08","befolkningen_ellers","41813","sysselsatte_innvkat","personer"
"2009","08","innvandrere","4204","sysselsatte_innvkat","personer"
"2009","09","alle","314826","sysselsatte_innvkat","personer"
"2009","09","befolkningen_ellers","247929","sysselsatte_innvkat","personer"
"2009","09","innvandrere","66897","sysselsatte_innvkat","personer"
"2009","10","alle","7909","sysselsatte_innvkat","personer"
"2009","10","befolkningen_ellers","7517","sysselsatte_innvkat","personer"
"2009","10","innvandrere","392","sysselsatte_innvkat","personer"
"2009","11","alle","24856","sysselsatte_innvkat","personer"
"2009","11","befolkningen_ellers","23560","sysselsatte_innvkat","personer"
"2009","11","innvandrere","1296","sysselsatte_innvkat","personer"
"2009","12","alle","43086","sysselsatte_innvkat","personer"
"2009","12","befolkningen_ellers","40648","sysselsatte_innvkat","personer"
"2009","12","innvandrere","2438","sysselsatte_innvkat","personer"
"2009","13","alle","17032","sysselsatte_innvkat","personer"
"2009","13","befolkningen_ellers","16067","sysselsatte_innvkat","personer"
"2009","13","innvandrere","965","sysselsatte_innvkat","personer"
"2009","14","alle","35258","sysselsatte_innvkat","personer"
"2009","14","befolkningen_ellers","33206","sysselsatte_innvkat","personer"
"2009","14","innvandrere","2052","sysselsatte_innvkat","personer"
"2009","15","alle","14408","sysselsatte_innvkat","personer"
"2009","15","befolkningen_ellers","13641","sysselsatte_innvkat","personer"
"2009","15","innvandrere","767","sysselsatte_innvkat","personer"
"2009","16","alle","19223","sysselsatte_innvkat","personer"
"2009","16","befolkningen_ellers","17904","sysselsatte_innvkat","personer"
"2009","16","innvandrere","1319","sysselsatte_innvkat","personer"
"2009","17","alle","6797","sysselsatte_innvkat","personer"
"2009","17","befolkningen_ellers","6513","sysselsatte_innvkat","personer"
"2009","17","innvandrere","284","sysselsatte_innvkat","personer"
"2009","18","alle","9892","sysselsatte_innvkat","personer"
"2009","18","befolkningen_ellers","9569","sysselsatte_innvkat","personer"
"2009","18","innvandrere","323","sysselsatte_innvkat","personer"
"2009","19","alle","9625","sysselsatte_innvkat","personer"
"2009","19","befolkningen_ellers","9082","sysselsatte_innvkat","personer"
"2009","19","innvandrere","543","sysselsatte_innvkat","personer"
"2009","20","alle","85005","sysselsatte_innvkat","personer"
"2009","20","befolkningen_ellers","74860","sysselsatte_innvkat","personer"
"2009","20","innvandrere","10145","sysselsatte_innvkat","personer"
"2009","21","alle","11037","sysselsatte_innvkat","personer"
"2009","21","befolkningen_ellers","9894","sysselsatte_innvkat","personer"
"2009","21","innvandrere","1143","sysselsatte_innvkat","personer"
"2009","22","alle","16757","sysselsatte_innvkat","personer"
"2009","22","befolkningen_ellers","15286","sysselsatte_innvkat","personer"
"2009","22","innvandrere","1471","sysselsatte_innvkat","personer"
"2009","23","alle","9676","sysselsatte_innvkat","personer"
"2009","23","befolkningen_ellers","9185","sysselsatte_innvkat","personer"
"2009","23","innvandrere","491","sysselsatte_innvkat","personer"
"2009","24","alle","17825","sysselsatte_innvkat","personer"
"2009","24","befolkningen_ellers","16349","sysselsatte_innvkat","personer"
"2009","24","innvandrere","1476","sysselsatte_innvkat","personer"
"2009","25","alle","63842","sysselsatte_innvkat","personer"
"2009","25","befolkningen_ellers","58476","sysselsatte_innvkat","personer"
"2009","25","innvandrere","5366","sysselsatte_innvkat","personer"
"2009","26","alle","42789","sysselsatte_innvkat","personer"
"2009","26","befolkningen_ellers","38901","sysselsatte_innvkat","personer"
"2009","26","innvandrere","3888","sysselsatte_innvkat","personer"
"2009","27","alle","57485","sysselsatte_innvkat","personer"
"2009","27","befolkningen_ellers","53260","sysselsatte_innvkat","personer"
"2009","27","innvandrere","4225","sysselsatte_innvkat","personer"
"2009","28","alle","7974","sysselsatte_innvkat","personer"
"2009","28","befolkningen_ellers","7517","sysselsatte_innvkat","personer"
"2009","28","innvandrere","457","sysselsatte_innvkat","personer"
"2009","29","alle","9585","sysselsatte_innvkat","personer"
"2009","29","befolkningen_ellers","8946","sysselsatte_innvkat","personer"
"2009","29","innvandrere","639","sysselsatte_innvkat","personer"
"2009","30","alle","7631","sysselsatte_innvkat","personer"
"2009","30","befolkningen_ellers","7170","sysselsatte_innvkat","personer"
"2009","30","innvandrere","461","sysselsatte_innvkat","personer"
"2009","31","alle","3613","sysselsatte_innvkat","personer"
"2009","31","befolkningen_ellers","3344","sysselsatte_innvkat","personer"
"2009","31","innvandrere","269","sysselsatte_innvkat","personer"
"2009","32","alle","42052","sysselsatte_innvkat","personer"
"2009","32","befolkningen_ellers","38937","sysselsatte_innvkat","personer"
"2009","32","innvandrere","3115","sysselsatte_innvkat","personer"
"2009","33","alle","17617","sysselsatte_innvkat","personer"
"2009","33","befolkningen_ellers","16350","sysselsatte_innvkat","personer"
"2009","33","innvandrere","1267","sysselsatte_innvkat","personer"
"2009","34","alle","11787","sysselsatte_innvkat","personer"
"2009","34","befolkningen_ellers","11009","sysselsatte_innvkat","personer"
"2009","34","innvandrere","778","sysselsatte_innvkat","personer"
"2009","35","alle","63346","sysselsatte_innvkat","personer"
"2009","35","befolkningen_ellers","57184","sysselsatte_innvkat","personer"
"2009","35","innvandrere","6162","sysselsatte_innvkat","personer"
"2009","36","alle","12152","sysselsatte_innvkat","personer"
"2009","36","befolkningen_ellers","11289","sysselsatte_innvkat","personer"
"2009","36","innvandrere","863","sysselsatte_innvkat","personer"
"2009","37","alle","49539","sysselsatte_innvkat","personer"
"2009","37","befolkningen_ellers","45641","sysselsatte_innvkat","personer"
"2009","37","innvandrere","3898","sysselsatte_innvkat","personer"
"2009","38","alle","11675","sysselsatte_innvkat","personer"
"2009","38","befolkningen_ellers","10762","sysselsatte_innvkat","personer"
"2009","38","innvandrere","913","sysselsatte_innvkat","personer"
"2009","39","alle","154722","sysselsatte_innvkat","personer"
"2009","39","befolkningen_ellers","135209","sysselsatte_innvkat","personer"
"2009","39","innvandrere","19513","sysselsatte_innvkat","personer"
"2009","40","alle","135722","sysselsatte_innvkat","personer"
"2009","40","befolkningen_ellers","121720","sysselsatte_innvkat","personer"
"2009","40","innvandrere","14002","sysselsatte_innvkat","personer"
"2009","41","alle","12019","sysselsatte_innvkat","personer"
"2009","41","befolkningen_ellers","11243","sysselsatte_innvkat","personer"
"2009","41","innvandrere","776","sysselsatte_innvkat","personer"
"2009","42","alle","11684","sysselsatte_innvkat","personer"
"2009","42","befolkningen_ellers","10923","sysselsatte_innvkat","personer"
"2009","42","innvandrere","761","sysselsatte_innvkat","personer"
"2009","43","alle","7124","sysselsatte_innvkat","personer"
"2009","43","befolkningen_ellers","6816","sysselsatte_innvkat","personer"
"2009","43","innvandrere","308","sysselsatte_innvkat","personer"
"2009","44","alle","15985","sysselsatte_innvkat","personer"
"2009","44","befolkningen_ellers","14969","sysselsatte_innvkat","personer"
"2009","44","innvandrere","1016","sysselsatte_innvkat","personer"
"2009","45","alle","5946","sysselsatte_innvkat","personer"
"2009","45","befolkningen_ellers","5639","sysselsatte_innvkat","personer"
"2009","45","innvandrere","307","sysselsatte_innvkat","personer"
"2009","46","alle","31663","sysselsatte_innvkat","personer"
"2009","46","befolkningen_ellers","29666","sysselsatte_innvkat","personer"
"2009","46","innvandrere","1997","sysselsatte_innvkat","personer"
"2009","47","alle","29310","sysselsatte_innvkat","personer"
"2009","47","befolkningen_ellers","27456","sysselsatte_innvkat","personer"
"2009","47","innvandrere","1854","sysselsatte_innvkat","personer"
"2009","48","alle","3892","sysselsatte_innvkat","personer"
"2009","48","befolkningen_ellers","3659","sysselsatte_innvkat","personer"
"2009","48","innvandrere","233","sysselsatte_innvkat","personer"
"2009","49","alle","16880","sysselsatte_innvkat","personer"
"2009","49","befolkningen_ellers","15646","sysselsatte_innvkat","personer"
"2009","49","innvandrere","1234","sysselsatte_innvkat","personer"
"2009","50","alle","16713","sysselsatte_innvkat","personer"
"2009","50","befolkningen_ellers","15628","sysselsatte_innvkat","personer"
"2009","50","innvandrere","1085","sysselsatte_innvkat","personer"
"2009","51","alle","17430","sysselsatte_innvkat","personer"
"2009","51","befolkningen_ellers","16364","sysselsatte_innvkat","personer"
"2009","51","innvandrere","1066","sysselsatte_innvkat","personer"
"2009","52","alle","30565","sysselsatte_innvkat","personer"
"2009","52","befolkningen_ellers","28861","sysselsatte_innvkat","personer"
"2009","52","innvandrere","1704","sysselsatte_innvkat","personer"
"2009","53","alle","29626","sysselsatte_innvkat","personer"
"2009","53","befolkningen_ellers","27757","sysselsatte_innvkat","personer"
"2009","53","innvandrere","1869","sysselsatte_innvkat","personer"
"2009","54","alle","9093","sysselsatte_innvkat","personer"
"2009","54","befolkningen_ellers","8247","sysselsatte_innvkat","personer"
"2009","54","innvandrere","846","sysselsatte_innvkat","personer"
"2009","55","alle","23268","sysselsatte_innvkat","personer"
"2009","55","befolkningen_ellers","21542","sysselsatte_innvkat","personer"
"2009","55","innvandrere","1726","sysselsatte_innvkat","personer"
"2009","56","alle","38407","sysselsatte_innvkat","personer"
"2009","56","befolkningen_ellers","35394","sysselsatte_innvkat","personer"
"2009","56","innvandrere","3013","sysselsatte_innvkat","personer"
"2009","57","alle","12166","sysselsatte_innvkat","personer"
"2009","57","befolkningen_ellers","11710","sysselsatte_innvkat","personer"
"2009","57","innvandrere","456","sysselsatte_innvkat","personer"
"2009","58","alle","4376","sysselsatte_innvkat","personer"
"2009","58","befolkningen_ellers","3667","sysselsatte_innvkat","personer"
"2009","58","innvandrere","709","sysselsatte_innvkat","personer"
"2009","59","alle","4835","sysselsatte_innvkat","personer"
"2009","59","befolkningen_ellers","4622","sysselsatte_innvkat","personer"
"2009","59","innvandrere","213","sysselsatte_innvkat","personer"
"2009","60","alle","10997","sysselsatte_innvkat","personer"
"2009","60","befolkningen_ellers","10565","sysselsatte_innvkat","personer"
"2009","60","innvandrere","432","sysselsatte_innvkat","personer"
"2009","61","alle","116050","sysselsatte_innvkat","personer"
"2009","61","befolkningen_ellers","106936","sysselsatte_innvkat","personer"
"2009","61","innvandrere","9114","sysselsatte_innvkat","personer"
"2009","62","alle","4479","sysselsatte_innvkat","personer"
"2009","62","befolkningen_ellers","4264","sysselsatte_innvkat","personer"
"2009","62","innvandrere","215","sysselsatte_innvkat","personer"
"2009","63","alle","13035","sysselsatte_innvkat","personer"
"2009","63","befolkningen_ellers","12520","sysselsatte_innvkat","personer"
"2009","63","innvandrere","515","sysselsatte_innvkat","personer"
"2009","64","alle","31224","sysselsatte_innvkat","personer"
"2009","64","befolkningen_ellers","29865","sysselsatte_innvkat","personer"
"2009","64","innvandrere","1359","sysselsatte_innvkat","personer"
"2009","65","alle","4484","sysselsatte_innvkat","personer"
"2009","65","befolkningen_ellers","4317","sysselsatte_innvkat","personer"
"2009","65","innvandrere","167","sysselsatte_innvkat","personer"
"2009","66","alle","4875","sysselsatte_innvkat","personer"
"2009","66","befolkningen_ellers","4672","sysselsatte_innvkat","personer"
"2009","66","innvandrere","203","sysselsatte_innvkat","personer"
"2009","67","alle","10034","sysselsatte_innvkat","personer"
"2009","67","befolkningen_ellers","9634","sysselsatte_innvkat","personer"
"2009","67","innvandrere","400","sysselsatte_innvkat","personer"
"2009","68","alle","6383","sysselsatte_innvkat","personer"
"2009","68","befolkningen_ellers","6163","sysselsatte_innvkat","personer"
"2009","68","innvandrere","220","sysselsatte_innvkat","personer"
"2009","69","alle","6189","sysselsatte_innvkat","personer"
"2009","69","befolkningen_ellers","5885","sysselsatte_innvkat","personer"
"2009","69","innvandrere","304","sysselsatte_innvkat","personer"
"2009","70","alle","1847","sysselsatte_innvkat","personer"
"2009","70","befolkningen_ellers","1728","sysselsatte_innvkat","personer"
"2009","70","innvandrere","119","sysselsatte_innvkat","personer"
"2009","71","alle","8201","sysselsatte_innvkat","personer"
"2009","71","befolkningen_ellers","7912","sysselsatte_innvkat","personer"
"2009","71","innvandrere","289","sysselsatte_innvkat","personer"
"2009","72","alle","15416","sysselsatte_innvkat","personer"
"2009","72","befolkningen_ellers","14761","sysselsatte_innvkat","personer"
"2009","72","innvandrere","655","sysselsatte_innvkat","personer"
"2009","73","alle","40100","sysselsatte_innvkat","personer"
"2009","73","befolkningen_ellers","38145","sysselsatte_innvkat","personer"
"2009","73","innvandrere","1955","sysselsatte_innvkat","personer"
"2009","74","alle","12275","sysselsatte_innvkat","personer"
"2009","74","befolkningen_ellers","11436","sysselsatte_innvkat","personer"
"2009","74","innvandrere","839","sysselsatte_innvkat","personer"
"2009","75","alle","11594","sysselsatte_innvkat","personer"
"2009","75","befolkningen_ellers","10841","sysselsatte_innvkat","personer"
"2009","75","innvandrere","753","sysselsatte_innvkat","personer"
"2009","76","alle","15564","sysselsatte_innvkat","personer"
"2009","76","befolkningen_ellers","14788","sysselsatte_innvkat","personer"
"2009","76","innvandrere","776","sysselsatte_innvkat","personer"
"2009","77","alle","17445","sysselsatte_innvkat","personer"
"2009","77","befolkningen_ellers","16592","sysselsatte_innvkat","personer"
"2009","77","innvandrere","853","sysselsatte_innvkat","personer"
"2009","78","alle","14882","sysselsatte_innvkat","personer"
"2009","78","befolkningen_ellers","14202","sysselsatte_innvkat","personer"
"2009","78","innvandrere","680","sysselsatte_innvkat","personer"
"2009","79","alle","40498","sysselsatte_innvkat","personer"
"2009","79","befolkningen_ellers","37079","sysselsatte_innvkat","personer"
"2009","79","innvandrere","3419","sysselsatte_innvkat","personer"
"2009","80","alle","7933","sysselsatte_innvkat","personer"
"2009","80","befolkningen_ellers","7614","sysselsatte_innvkat","personer"
"2009","80","innvandrere","319","sysselsatte_innvkat","personer"
"2009","81","alle","18471","sysselsatte_innvkat","personer"
"2009","81","befolkningen_ellers","16889","sysselsatte_innvkat","personer"
"2009","81","innvandrere","1582","sysselsatte_innvkat","personer"
"2009","82","alle","7069","sysselsatte_innvkat","personer"
"2009","82","befolkningen_ellers","6591","sysselsatte_innvkat","personer"
"2009","82","innvandrere","478","sysselsatte_innvkat","personer"
"2009","83","alle","11691","sysselsatte_innvkat","personer"
"2009","83","befolkningen_ellers","10437","sysselsatte_innvkat","personer"
"2009","83","innvandrere","1254","sysselsatte_innvkat","personer"
"2010","01","alle","13525","sysselsatte_innvkat","personer"
"2010","01","befolkningen_ellers","12446","sysselsatte_innvkat","personer"
"2010","01","innvandrere","1079","sysselsatte_innvkat","personer"
"2010","02","alle","28625","sysselsatte_innvkat","personer"
"2010","02","befolkningen_ellers","25957","sysselsatte_innvkat","personer"
"2010","02","innvandrere","2668","sysselsatte_innvkat","personer"
"2010","03","alle","27220","sysselsatte_innvkat","personer"
"2010","03","befolkningen_ellers","24382","sysselsatte_innvkat","personer"
"2010","03","innvandrere","2838","sysselsatte_innvkat","personer"
"2010","04","alle","62197","sysselsatte_innvkat","personer"
"2010","04","befolkningen_ellers","55900","sysselsatte_innvkat","personer"
"2010","04","innvandrere","6297","sysselsatte_innvkat","personer"
"2010","05","alle","85761","sysselsatte_innvkat","personer"
"2010","05","befolkningen_ellers","73035","sysselsatte_innvkat","personer"
"2010","05","innvandrere","12726","sysselsatte_innvkat","personer"
"2010","06","alle","65811","sysselsatte_innvkat","personer"
"2010","06","befolkningen_ellers","58302","sysselsatte_innvkat","personer"
"2010","06","innvandrere","7509","sysselsatte_innvkat","personer"
"2010","07","alle","83757","sysselsatte_innvkat","personer"
"2010","07","befolkningen_ellers","72587","sysselsatte_innvkat","personer"
"2010","07","innvandrere","11170","sysselsatte_innvkat","personer"
"2010","08","alle","46713","sysselsatte_innvkat","personer"
"2010","08","befolkningen_ellers","41917","sysselsatte_innvkat","personer"
"2010","08","innvandrere","4796","sysselsatte_innvkat","personer"
"2010","09","alle","319866","sysselsatte_innvkat","personer"
"2010","09","befolkningen_ellers","248356","sysselsatte_innvkat","personer"
"2010","09","innvandrere","71510","sysselsatte_innvkat","personer"
"2010","10","alle","8114","sysselsatte_innvkat","personer"
"2010","10","befolkningen_ellers","7655","sysselsatte_innvkat","personer"
"2010","10","innvandrere","459","sysselsatte_innvkat","personer"
"2010","11","alle","24483","sysselsatte_innvkat","personer"
"2010","11","befolkningen_ellers","23099","sysselsatte_innvkat","personer"
"2010","11","innvandrere","1384","sysselsatte_innvkat","personer"
"2010","12","alle","43203","sysselsatte_innvkat","personer"
"2010","12","befolkningen_ellers","40496","sysselsatte_innvkat","personer"
"2010","12","innvandrere","2707","sysselsatte_innvkat","personer"
"2010","13","alle","17056","sysselsatte_innvkat","personer"
"2010","13","befolkningen_ellers","16044","sysselsatte_innvkat","personer"
"2010","13","innvandrere","1012","sysselsatte_innvkat","personer"
"2010","14","alle","35246","sysselsatte_innvkat","personer"
"2010","14","befolkningen_ellers","33011","sysselsatte_innvkat","personer"
"2010","14","innvandrere","2235","sysselsatte_innvkat","personer"
"2010","15","alle","14485","sysselsatte_innvkat","personer"
"2010","15","befolkningen_ellers","13622","sysselsatte_innvkat","personer"
"2010","15","innvandrere","863","sysselsatte_innvkat","personer"
"2010","16","alle","19649","sysselsatte_innvkat","personer"
"2010","16","befolkningen_ellers","18202","sysselsatte_innvkat","personer"
"2010","16","innvandrere","1447","sysselsatte_innvkat","personer"
"2010","17","alle","6851","sysselsatte_innvkat","personer"
"2010","17","befolkningen_ellers","6474","sysselsatte_innvkat","personer"
"2010","17","innvandrere","377","sysselsatte_innvkat","personer"
"2010","18","alle","9831","sysselsatte_innvkat","personer"
"2010","18","befolkningen_ellers","9438","sysselsatte_innvkat","personer"
"2010","18","innvandrere","393","sysselsatte_innvkat","personer"
"2010","19","alle","9513","sysselsatte_innvkat","personer"
"2010","19","befolkningen_ellers","8934","sysselsatte_innvkat","personer"
"2010","19","innvandrere","579","sysselsatte_innvkat","personer"
"2010","20","alle","85960","sysselsatte_innvkat","personer"
"2010","20","befolkningen_ellers","74808","sysselsatte_innvkat","personer"
"2010","20","innvandrere","11152","sysselsatte_innvkat","personer"
"2010","21","alle","11069","sysselsatte_innvkat","personer"
"2010","21","befolkningen_ellers","9782","sysselsatte_innvkat","personer"
"2010","21","innvandrere","1287","sysselsatte_innvkat","personer"
"2010","22","alle","16851","sysselsatte_innvkat","personer"
"2010","22","befolkningen_ellers","15221","sysselsatte_innvkat","personer"
"2010","22","innvandrere","1630","sysselsatte_innvkat","personer"
"2010","23","alle","9608","sysselsatte_innvkat","personer"
"2010","23","befolkningen_ellers","9064","sysselsatte_innvkat","personer"
"2010","23","innvandrere","544","sysselsatte_innvkat","personer"
"2010","24","alle","17901","sysselsatte_innvkat","personer"
"2010","24","befolkningen_ellers","16285","sysselsatte_innvkat","personer"
"2010","24","innvandrere","1616","sysselsatte_innvkat","personer"
"2010","25","alle","64242","sysselsatte_innvkat","personer"
"2010","25","befolkningen_ellers","58424","sysselsatte_innvkat","personer"
"2010","25","innvandrere","5818","sysselsatte_innvkat","personer"
"2010","26","alle","42720","sysselsatte_innvkat","personer"
"2010","26","befolkningen_ellers","38538","sysselsatte_innvkat","personer"
"2010","26","innvandrere","4182","sysselsatte_innvkat","personer"
"2010","27","alle","57384","sysselsatte_innvkat","personer"
"2010","27","befolkningen_ellers","52800","sysselsatte_innvkat","personer"
"2010","27","innvandrere","4584","sysselsatte_innvkat","personer"
"2010","28","alle","7952","sysselsatte_innvkat","personer"
"2010","28","befolkningen_ellers","7430","sysselsatte_innvkat","personer"
"2010","28","innvandrere","522","sysselsatte_innvkat","personer"
"2010","29","alle","9639","sysselsatte_innvkat","personer"
"2010","29","befolkningen_ellers","8935","sysselsatte_innvkat","personer"
"2010","29","innvandrere","704","sysselsatte_innvkat","personer"
"2010","30","alle","7543","sysselsatte_innvkat","personer"
"2010","30","befolkningen_ellers","7058","sysselsatte_innvkat","personer"
"2010","30","innvandrere","485","sysselsatte_innvkat","personer"
"2010","31","alle","3641","sysselsatte_innvkat","personer"
"2010","31","befolkningen_ellers","3325","sysselsatte_innvkat","personer"
"2010","31","innvandrere","316","sysselsatte_innvkat","personer"
"2010","32","alle","42328","sysselsatte_innvkat","personer"
"2010","32","befolkningen_ellers","38939","sysselsatte_innvkat","personer"
"2010","32","innvandrere","3389","sysselsatte_innvkat","personer"
"2010","33","alle","17631","sysselsatte_innvkat","personer"
"2010","33","befolkningen_ellers","16340","sysselsatte_innvkat","personer"
"2010","33","innvandrere","1291","sysselsatte_innvkat","personer"
"2010","34","alle","11793","sysselsatte_innvkat","personer"
"2010","34","befolkningen_ellers","10943","sysselsatte_innvkat","personer"
"2010","34","innvandrere","850","sysselsatte_innvkat","personer"
"2010","35","alle","64396","sysselsatte_innvkat","personer"
"2010","35","befolkningen_ellers","57673","sysselsatte_innvkat","personer"
"2010","35","innvandrere","6723","sysselsatte_innvkat","personer"
"2010","36","alle","12240","sysselsatte_innvkat","personer"
"2010","36","befolkningen_ellers","11286","sysselsatte_innvkat","personer"
"2010","36","innvandrere","954","sysselsatte_innvkat","personer"
"2010","37","alle","49784","sysselsatte_innvkat","personer"
"2010","37","befolkningen_ellers","45488","sysselsatte_innvkat","personer"
"2010","37","innvandrere","4296","sysselsatte_innvkat","personer"
"2010","38","alle","11883","sysselsatte_innvkat","personer"
"2010","38","befolkningen_ellers","10819","sysselsatte_innvkat","personer"
"2010","38","innvandrere","1064","sysselsatte_innvkat","personer"
"2010","39","alle","157794","sysselsatte_innvkat","personer"
"2010","39","befolkningen_ellers","135784","sysselsatte_innvkat","personer"
"2010","39","innvandrere","22010","sysselsatte_innvkat","personer"
"2010","40","alle","136609","sysselsatte_innvkat","personer"
"2010","40","befolkningen_ellers","121091","sysselsatte_innvkat","personer"
"2010","40","innvandrere","15518","sysselsatte_innvkat","personer"
"2010","41","alle","12224","sysselsatte_innvkat","personer"
"2010","41","befolkningen_ellers","11351","sysselsatte_innvkat","personer"
"2010","41","innvandrere","873","sysselsatte_innvkat","personer"
"2010","42","alle","11725","sysselsatte_innvkat","personer"
"2010","42","befolkningen_ellers","10871","sysselsatte_innvkat","personer"
"2010","42","innvandrere","854","sysselsatte_innvkat","personer"
"2010","43","alle","7192","sysselsatte_innvkat","personer"
"2010","43","befolkningen_ellers","6846","sysselsatte_innvkat","personer"
"2010","43","innvandrere","346","sysselsatte_innvkat","personer"
"2010","44","alle","16184","sysselsatte_innvkat","personer"
"2010","44","befolkningen_ellers","15022","sysselsatte_innvkat","personer"
"2010","44","innvandrere","1162","sysselsatte_innvkat","personer"
"2010","45","alle","5857","sysselsatte_innvkat","personer"
"2010","45","befolkningen_ellers","5515","sysselsatte_innvkat","personer"
"2010","45","innvandrere","342","sysselsatte_innvkat","personer"
"2010","46","alle","31431","sysselsatte_innvkat","personer"
"2010","46","befolkningen_ellers","29257","sysselsatte_innvkat","personer"
"2010","46","innvandrere","2174","sysselsatte_innvkat","personer"
"2010","47","alle","29867","sysselsatte_innvkat","personer"
"2010","47","befolkningen_ellers","27826","sysselsatte_innvkat","personer"
"2010","47","innvandrere","2041","sysselsatte_innvkat","personer"
"2010","48","alle","3897","sysselsatte_innvkat","personer"
"2010","48","befolkningen_ellers","3633","sysselsatte_innvkat","personer"
"2010","48","innvandrere","264","sysselsatte_innvkat","personer"
"2010","49","alle","16994","sysselsatte_innvkat","personer"
"2010","49","befolkningen_ellers","15552","sysselsatte_innvkat","personer"
"2010","49","innvandrere","1442","sysselsatte_innvkat","personer"
"2010","50","alle","16904","sysselsatte_innvkat","personer"
"2010","50","befolkningen_ellers","15719","sysselsatte_innvkat","personer"
"2010","50","innvandrere","1185","sysselsatte_innvkat","personer"
"2010","51","alle","17353","sysselsatte_innvkat","personer"
"2010","51","befolkningen_ellers","16167","sysselsatte_innvkat","personer"
"2010","51","innvandrere","1186","sysselsatte_innvkat","personer"
"2010","52","alle","30583","sysselsatte_innvkat","personer"
"2010","52","befolkningen_ellers","28655","sysselsatte_innvkat","personer"
"2010","52","innvandrere","1928","sysselsatte_innvkat","personer"
"2010","53","alle","29616","sysselsatte_innvkat","personer"
"2010","53","befolkningen_ellers","27490","sysselsatte_innvkat","personer"
"2010","53","innvandrere","2126","sysselsatte_innvkat","personer"
"2010","54","alle","9224","sysselsatte_innvkat","personer"
"2010","54","befolkningen_ellers","8213","sysselsatte_innvkat","personer"
"2010","54","innvandrere","1011","sysselsatte_innvkat","personer"
"2010","55","alle","23634","sysselsatte_innvkat","personer"
"2010","55","befolkningen_ellers","21459","sysselsatte_innvkat","personer"
"2010","55","innvandrere","2175","sysselsatte_innvkat","personer"
"2010","56","alle","38735","sysselsatte_innvkat","personer"
"2010","56","befolkningen_ellers","35295","sysselsatte_innvkat","personer"
"2010","56","innvandrere","3440","sysselsatte_innvkat","personer"
"2010","57","alle","12092","sysselsatte_innvkat","personer"
"2010","57","befolkningen_ellers","11598","sysselsatte_innvkat","personer"
"2010","57","innvandrere","494","sysselsatte_innvkat","personer"
"2010","58","alle","4448","sysselsatte_innvkat","personer"
"2010","58","befolkningen_ellers","3670","sysselsatte_innvkat","personer"
"2010","58","innvandrere","778","sysselsatte_innvkat","personer"
"2010","59","alle","4839","sysselsatte_innvkat","personer"
"2010","59","befolkningen_ellers","4606","sysselsatte_innvkat","personer"
"2010","59","innvandrere","233","sysselsatte_innvkat","personer"
"2010","60","alle","11069","sysselsatte_innvkat","personer"
"2010","60","befolkningen_ellers","10582","sysselsatte_innvkat","personer"
"2010","60","innvandrere","487","sysselsatte_innvkat","personer"
"2010","61","alle","117029","sysselsatte_innvkat","personer"
"2010","61","befolkningen_ellers","106996","sysselsatte_innvkat","personer"
"2010","61","innvandrere","10033","sysselsatte_innvkat","personer"
"2010","62","alle","4482","sysselsatte_innvkat","personer"
"2010","62","befolkningen_ellers","4236","sysselsatte_innvkat","personer"
"2010","62","innvandrere","246","sysselsatte_innvkat","personer"
"2010","63","alle","13150","sysselsatte_innvkat","personer"
"2010","63","befolkningen_ellers","12537","sysselsatte_innvkat","personer"
"2010","63","innvandrere","613","sysselsatte_innvkat","personer"
"2010","64","alle","31102","sysselsatte_innvkat","personer"
"2010","64","befolkningen_ellers","29784","sysselsatte_innvkat","personer"
"2010","64","innvandrere","1318","sysselsatte_innvkat","personer"
"2010","65","alle","4486","sysselsatte_innvkat","personer"
"2010","65","befolkningen_ellers","4306","sysselsatte_innvkat","personer"
"2010","65","innvandrere","180","sysselsatte_innvkat","personer"
"2010","66","alle","4933","sysselsatte_innvkat","personer"
"2010","66","befolkningen_ellers","4689","sysselsatte_innvkat","personer"
"2010","66","innvandrere","244","sysselsatte_innvkat","personer"
"2010","67","alle","10097","sysselsatte_innvkat","personer"
"2010","67","befolkningen_ellers","9654","sysselsatte_innvkat","personer"
"2010","67","innvandrere","443","sysselsatte_innvkat","personer"
"2010","68","alle","6397","sysselsatte_innvkat","personer"
"2010","68","befolkningen_ellers","6155","sysselsatte_innvkat","personer"
"2010","68","innvandrere","242","sysselsatte_innvkat","personer"
"2010","69","alle","6218","sysselsatte_innvkat","personer"
"2010","69","befolkningen_ellers","5837","sysselsatte_innvkat","personer"
"2010","69","innvandrere","381","sysselsatte_innvkat","personer"
"2010","70","alle","1865","sysselsatte_innvkat","personer"
"2010","70","befolkningen_ellers","1718","sysselsatte_innvkat","personer"
"2010","70","innvandrere","147","sysselsatte_innvkat","personer"
"2010","71","alle","8159","sysselsatte_innvkat","personer"
"2010","71","befolkningen_ellers","7830","sysselsatte_innvkat","personer"
"2010","71","innvandrere","329","sysselsatte_innvkat","personer"
"2010","72","alle","15525","sysselsatte_innvkat","personer"
"2010","72","befolkningen_ellers","14798","sysselsatte_innvkat","personer"
"2010","72","innvandrere","727","sysselsatte_innvkat","personer"
"2010","73","alle","40612","sysselsatte_innvkat","personer"
"2010","73","befolkningen_ellers","38415","sysselsatte_innvkat","personer"
"2010","73","innvandrere","2197","sysselsatte_innvkat","personer"
"2010","74","alle","12258","sysselsatte_innvkat","personer"
"2010","74","befolkningen_ellers","11376","sysselsatte_innvkat","personer"
"2010","74","innvandrere","882","sysselsatte_innvkat","personer"
"2010","75","alle","11701","sysselsatte_innvkat","personer"
"2010","75","befolkningen_ellers","10878","sysselsatte_innvkat","personer"
"2010","75","innvandrere","823","sysselsatte_innvkat","personer"
"2010","76","alle","15575","sysselsatte_innvkat","personer"
"2010","76","befolkningen_ellers","14663","sysselsatte_innvkat","personer"
"2010","76","innvandrere","912","sysselsatte_innvkat","personer"
"2010","77","alle","17492","sysselsatte_innvkat","personer"
"2010","77","befolkningen_ellers","16511","sysselsatte_innvkat","personer"
"2010","77","innvandrere","981","sysselsatte_innvkat","personer"
"2010","78","alle","14673","sysselsatte_innvkat","personer"
"2010","78","befolkningen_ellers","13947","sysselsatte_innvkat","personer"
"2010","78","innvandrere","726","sysselsatte_innvkat","personer"
"2010","79","alle","40926","sysselsatte_innvkat","personer"
"2010","79","befolkningen_ellers","37163","sysselsatte_innvkat","personer"
"2010","79","innvandrere","3763","sysselsatte_innvkat","personer"
"2010","80","alle","7796","sysselsatte_innvkat","personer"
"2010","80","befolkningen_ellers","7451","sysselsatte_innvkat","personer"
"2010","80","innvandrere","345","sysselsatte_innvkat","personer"
"2010","81","alle","18666","sysselsatte_innvkat","personer"
"2010","81","befolkningen_ellers","16835","sysselsatte_innvkat","personer"
"2010","81","innvandrere","1831","sysselsatte_innvkat","personer"
"2010","82","alle","6971","sysselsatte_innvkat","personer"
"2010","82","befolkningen_ellers","6473","sysselsatte_innvkat","personer"
"2010","82","innvandrere","498","sysselsatte_innvkat","personer"
"2010","83","alle","11889","sysselsatte_innvkat","personer"
"2010","83","befolkningen_ellers","10460","sysselsatte_innvkat","personer"
"2010","83","innvandrere","1429","sysselsatte_innvkat","personer"
"2011","01","alle","13688","sysselsatte_innvkat","personer"
"2011","01","befolkningen_ellers","12481","sysselsatte_innvkat","personer"
"2011","01","innvandrere","1207","sysselsatte_innvkat","personer"
"2011","02","alle","28719","sysselsatte_innvkat","personer"
"2011","02","befolkningen_ellers","25717","sysselsatte_innvkat","personer"
"2011","02","innvandrere","3002","sysselsatte_innvkat","personer"
"2011","03","alle","27762","sysselsatte_innvkat","personer"
"2011","03","befolkningen_ellers","24594","sysselsatte_innvkat","personer"
"2011","03","innvandrere","3168","sysselsatte_innvkat","personer"
"2011","04","alle","62922","sysselsatte_innvkat","personer"
"2011","04","befolkningen_ellers","55884","sysselsatte_innvkat","personer"
"2011","04","innvandrere","7038","sysselsatte_innvkat","personer"
"2011","05","alle","87557","sysselsatte_innvkat","personer"
"2011","05","befolkningen_ellers","73374","sysselsatte_innvkat","personer"
"2011","05","innvandrere","14183","sysselsatte_innvkat","personer"
"2011","06","alle","67391","sysselsatte_innvkat","personer"
"2011","06","befolkningen_ellers","59057","sysselsatte_innvkat","personer"
"2011","06","innvandrere","8334","sysselsatte_innvkat","personer"
"2011","07","alle","85444","sysselsatte_innvkat","personer"
"2011","07","befolkningen_ellers","72881","sysselsatte_innvkat","personer"
"2011","07","innvandrere","12563","sysselsatte_innvkat","personer"
"2011","08","alle","48039","sysselsatte_innvkat","personer"
"2011","08","befolkningen_ellers","42299","sysselsatte_innvkat","personer"
"2011","08","innvandrere","5740","sysselsatte_innvkat","personer"
"2011","09","alle","330034","sysselsatte_innvkat","personer"
"2011","09","befolkningen_ellers","251538","sysselsatte_innvkat","personer"
"2011","09","innvandrere","78496","sysselsatte_innvkat","personer"
"2011","10","alle","8131","sysselsatte_innvkat","personer"
"2011","10","befolkningen_ellers","7606","sysselsatte_innvkat","personer"
"2011","10","innvandrere","525","sysselsatte_innvkat","personer"
"2011","11","alle","24366","sysselsatte_innvkat","personer"
"2011","11","befolkningen_ellers","22847","sysselsatte_innvkat","personer"
"2011","11","innvandrere","1519","sysselsatte_innvkat","personer"
"2011","12","alle","43654","sysselsatte_innvkat","personer"
"2011","12","befolkningen_ellers","40620","sysselsatte_innvkat","personer"
"2011","12","innvandrere","3034","sysselsatte_innvkat","personer"
"2011","13","alle","17002","sysselsatte_innvkat","personer"
"2011","13","befolkningen_ellers","15875","sysselsatte_innvkat","personer"
"2011","13","innvandrere","1127","sysselsatte_innvkat","personer"
"2011","14","alle","35458","sysselsatte_innvkat","personer"
"2011","14","befolkningen_ellers","32876","sysselsatte_innvkat","personer"
"2011","14","innvandrere","2582","sysselsatte_innvkat","personer"
"2011","15","alle","14669","sysselsatte_innvkat","personer"
"2011","15","befolkningen_ellers","13698","sysselsatte_innvkat","personer"
"2011","15","innvandrere","971","sysselsatte_innvkat","personer"
"2011","16","alle","19671","sysselsatte_innvkat","personer"
"2011","16","befolkningen_ellers","18128","sysselsatte_innvkat","personer"
"2011","16","innvandrere","1543","sysselsatte_innvkat","personer"
"2011","17","alle","6910","sysselsatte_innvkat","personer"
"2011","17","befolkningen_ellers","6481","sysselsatte_innvkat","personer"
"2011","17","innvandrere","429","sysselsatte_innvkat","personer"
"2011","18","alle","9794","sysselsatte_innvkat","personer"
"2011","18","befolkningen_ellers","9332","sysselsatte_innvkat","personer"
"2011","18","innvandrere","462","sysselsatte_innvkat","personer"
"2011","19","alle","9522","sysselsatte_innvkat","personer"
"2011","19","befolkningen_ellers","8846","sysselsatte_innvkat","personer"
"2011","19","innvandrere","676","sysselsatte_innvkat","personer"
"2011","20","alle","87948","sysselsatte_innvkat","personer"
"2011","20","befolkningen_ellers","75265","sysselsatte_innvkat","personer"
"2011","20","innvandrere","12683","sysselsatte_innvkat","personer"
"2011","21","alle","11103","sysselsatte_innvkat","personer"
"2011","21","befolkningen_ellers","9688","sysselsatte_innvkat","personer"
"2011","21","innvandrere","1415","sysselsatte_innvkat","personer"
"2011","22","alle","17167","sysselsatte_innvkat","personer"
"2011","22","befolkningen_ellers","15266","sysselsatte_innvkat","personer"
"2011","22","innvandrere","1901","sysselsatte_innvkat","personer"
"2011","23","alle","9639","sysselsatte_innvkat","personer"
"2011","23","befolkningen_ellers","8974","sysselsatte_innvkat","personer"
"2011","23","innvandrere","665","sysselsatte_innvkat","personer"
"2011","24","alle","18041","sysselsatte_innvkat","personer"
"2011","24","befolkningen_ellers","16216","sysselsatte_innvkat","personer"
"2011","24","innvandrere","1825","sysselsatte_innvkat","personer"
"2011","25","alle","65133","sysselsatte_innvkat","personer"
"2011","25","befolkningen_ellers","58714","sysselsatte_innvkat","personer"
"2011","25","innvandrere","6419","sysselsatte_innvkat","personer"
"2011","26","alle","43081","sysselsatte_innvkat","personer"
"2011","26","befolkningen_ellers","38574","sysselsatte_innvkat","personer"
"2011","26","innvandrere","4507","sysselsatte_innvkat","personer"
"2011","27","alle","57532","sysselsatte_innvkat","personer"
"2011","27","befolkningen_ellers","52594","sysselsatte_innvkat","personer"
"2011","27","innvandrere","4938","sysselsatte_innvkat","personer"
"2011","28","alle","8012","sysselsatte_innvkat","personer"
"2011","28","befolkningen_ellers","7409","sysselsatte_innvkat","personer"
"2011","28","innvandrere","603","sysselsatte_innvkat","personer"
"2011","29","alle","9649","sysselsatte_innvkat","personer"
"2011","29","befolkningen_ellers","8877","sysselsatte_innvkat","personer"
"2011","29","innvandrere","772","sysselsatte_innvkat","personer"
"2011","30","alle","7529","sysselsatte_innvkat","personer"
"2011","30","befolkningen_ellers","7006","sysselsatte_innvkat","personer"
"2011","30","innvandrere","523","sysselsatte_innvkat","personer"
"2011","31","alle","3621","sysselsatte_innvkat","personer"
"2011","31","befolkningen_ellers","3290","sysselsatte_innvkat","personer"
"2011","31","innvandrere","331","sysselsatte_innvkat","personer"
"2011","32","alle","42703","sysselsatte_innvkat","personer"
"2011","32","befolkningen_ellers","38924","sysselsatte_innvkat","personer"
"2011","32","innvandrere","3779","sysselsatte_innvkat","personer"
"2011","33","alle","17695","sysselsatte_innvkat","personer"
"2011","33","befolkningen_ellers","16255","sysselsatte_innvkat","personer"
"2011","33","innvandrere","1440","sysselsatte_innvkat","personer"
"2011","34","alle","11990","sysselsatte_innvkat","personer"
"2011","34","befolkningen_ellers","11022","sysselsatte_innvkat","personer"
"2011","34","innvandrere","968","sysselsatte_innvkat","personer"
"2011","35","alle","65248","sysselsatte_innvkat","personer"
"2011","35","befolkningen_ellers","58117","sysselsatte_innvkat","personer"
"2011","35","innvandrere","7131","sysselsatte_innvkat","personer"
"2011","36","alle","12382","sysselsatte_innvkat","personer"
"2011","36","befolkningen_ellers","11345","sysselsatte_innvkat","personer"
"2011","36","innvandrere","1037","sysselsatte_innvkat","personer"
"2011","37","alle","51027","sysselsatte_innvkat","personer"
"2011","37","befolkningen_ellers","45911","sysselsatte_innvkat","personer"
"2011","37","innvandrere","5116","sysselsatte_innvkat","personer"
"2011","38","alle","11837","sysselsatte_innvkat","personer"
"2011","38","befolkningen_ellers","10716","sysselsatte_innvkat","personer"
"2011","38","innvandrere","1121","sysselsatte_innvkat","personer"
"2011","39","alle","162834","sysselsatte_innvkat","personer"
"2011","39","befolkningen_ellers","138109","sysselsatte_innvkat","personer"
"2011","39","innvandrere","24725","sysselsatte_innvkat","personer"
"2011","40","alle","139670","sysselsatte_innvkat","personer"
"2011","40","befolkningen_ellers","122162","sysselsatte_innvkat","personer"
"2011","40","innvandrere","17508","sysselsatte_innvkat","personer"
"2011","41","alle","12584","sysselsatte_innvkat","personer"
"2011","41","befolkningen_ellers","11517","sysselsatte_innvkat","personer"
"2011","41","innvandrere","1067","sysselsatte_innvkat","personer"
"2011","42","alle","11714","sysselsatte_innvkat","personer"
"2011","42","befolkningen_ellers","10704","sysselsatte_innvkat","personer"
"2011","42","innvandrere","1010","sysselsatte_innvkat","personer"
"2011","43","alle","7281","sysselsatte_innvkat","personer"
"2011","43","befolkningen_ellers","6900","sysselsatte_innvkat","personer"
"2011","43","innvandrere","381","sysselsatte_innvkat","personer"
"2011","44","alle","16404","sysselsatte_innvkat","personer"
"2011","44","befolkningen_ellers","15118","sysselsatte_innvkat","personer"
"2011","44","innvandrere","1286","sysselsatte_innvkat","personer"
"2011","45","alle","5949","sysselsatte_innvkat","personer"
"2011","45","befolkningen_ellers","5552","sysselsatte_innvkat","personer"
"2011","45","innvandrere","397","sysselsatte_innvkat","personer"
"2011","46","alle","31931","sysselsatte_innvkat","personer"
"2011","46","befolkningen_ellers","29447","sysselsatte_innvkat","personer"
"2011","46","innvandrere","2484","sysselsatte_innvkat","personer"
"2011","47","alle","30765","sysselsatte_innvkat","personer"
"2011","47","befolkningen_ellers","28428","sysselsatte_innvkat","personer"
"2011","47","innvandrere","2337","sysselsatte_innvkat","personer"
"2011","48","alle","3909","sysselsatte_innvkat","personer"
"2011","48","befolkningen_ellers","3601","sysselsatte_innvkat","personer"
"2011","48","innvandrere","308","sysselsatte_innvkat","personer"
"2011","49","alle","17160","sysselsatte_innvkat","personer"
"2011","49","befolkningen_ellers","15510","sysselsatte_innvkat","personer"
"2011","49","innvandrere","1650","sysselsatte_innvkat","personer"
"2011","50","alle","16968","sysselsatte_innvkat","personer"
"2011","50","befolkningen_ellers","15647","sysselsatte_innvkat","personer"
"2011","50","innvandrere","1321","sysselsatte_innvkat","personer"
"2011","51","alle","17626","sysselsatte_innvkat","personer"
"2011","51","befolkningen_ellers","16278","sysselsatte_innvkat","personer"
"2011","51","innvandrere","1348","sysselsatte_innvkat","personer"
"2011","52","alle","30746","sysselsatte_innvkat","personer"
"2011","52","befolkningen_ellers","28525","sysselsatte_innvkat","personer"
"2011","52","innvandrere","2221","sysselsatte_innvkat","personer"
"2011","53","alle","29980","sysselsatte_innvkat","personer"
"2011","53","befolkningen_ellers","27519","sysselsatte_innvkat","personer"
"2011","53","innvandrere","2461","sysselsatte_innvkat","personer"
"2011","54","alle","9307","sysselsatte_innvkat","personer"
"2011","54","befolkningen_ellers","8212","sysselsatte_innvkat","personer"
"2011","54","innvandrere","1095","sysselsatte_innvkat","personer"
"2011","55","alle","23760","sysselsatte_innvkat","personer"
"2011","55","befolkningen_ellers","21367","sysselsatte_innvkat","personer"
"2011","55","innvandrere","2393","sysselsatte_innvkat","personer"
"2011","56","alle","39638","sysselsatte_innvkat","personer"
"2011","56","befolkningen_ellers","35487","sysselsatte_innvkat","personer"
"2011","56","innvandrere","4151","sysselsatte_innvkat","personer"
"2011","57","alle","12189","sysselsatte_innvkat","personer"
"2011","57","befolkningen_ellers","11633","sysselsatte_innvkat","personer"
"2011","57","innvandrere","556","sysselsatte_innvkat","personer"
"2011","58","alle","4449","sysselsatte_innvkat","personer"
"2011","58","befolkningen_ellers","3600","sysselsatte_innvkat","personer"
"2011","58","innvandrere","849","sysselsatte_innvkat","personer"
"2011","59","alle","4832","sysselsatte_innvkat","personer"
"2011","59","befolkningen_ellers","4558","sysselsatte_innvkat","personer"
"2011","59","innvandrere","274","sysselsatte_innvkat","personer"
"2011","60","alle","11137","sysselsatte_innvkat","personer"
"2011","60","befolkningen_ellers","10612","sysselsatte_innvkat","personer"
"2011","60","innvandrere","525","sysselsatte_innvkat","personer"
"2011","61","alle","119818","sysselsatte_innvkat","personer"
"2011","61","befolkningen_ellers","108539","sysselsatte_innvkat","personer"
"2011","61","innvandrere","11279","sysselsatte_innvkat","personer"
"2011","62","alle","4509","sysselsatte_innvkat","personer"
"2011","62","befolkningen_ellers","4263","sysselsatte_innvkat","personer"
"2011","62","innvandrere","246","sysselsatte_innvkat","personer"
"2011","63","alle","13441","sysselsatte_innvkat","personer"
"2011","63","befolkningen_ellers","12724","sysselsatte_innvkat","personer"
"2011","63","innvandrere","717","sysselsatte_innvkat","personer"
"2011","64","alle","31665","sysselsatte_innvkat","personer"
"2011","64","befolkningen_ellers","30013","sysselsatte_innvkat","personer"
"2011","64","innvandrere","1652","sysselsatte_innvkat","personer"
"2011","65","alle","4447","sysselsatte_innvkat","personer"
"2011","65","befolkningen_ellers","4237","sysselsatte_innvkat","personer"
"2011","65","innvandrere","210","sysselsatte_innvkat","personer"
"2011","66","alle","5023","sysselsatte_innvkat","personer"
"2011","66","befolkningen_ellers","4717","sysselsatte_innvkat","personer"
"2011","66","innvandrere","306","sysselsatte_innvkat","personer"
"2011","67","alle","10227","sysselsatte_innvkat","personer"
"2011","67","befolkningen_ellers","9703","sysselsatte_innvkat","personer"
"2011","67","innvandrere","524","sysselsatte_innvkat","personer"
"2011","68","alle","6485","sysselsatte_innvkat","personer"
"2011","68","befolkningen_ellers","6183","sysselsatte_innvkat","personer"
"2011","68","innvandrere","302","sysselsatte_innvkat","personer"
"2011","69","alle","6255","sysselsatte_innvkat","personer"
"2011","69","befolkningen_ellers","5804","sysselsatte_innvkat","personer"
"2011","69","innvandrere","451","sysselsatte_innvkat","personer"
"2011","70","alle","1878","sysselsatte_innvkat","personer"
"2011","70","befolkningen_ellers","1708","sysselsatte_innvkat","personer"
"2011","70","innvandrere","170","sysselsatte_innvkat","personer"
"2011","71","alle","8118","sysselsatte_innvkat","personer"
"2011","71","befolkningen_ellers","7745","sysselsatte_innvkat","personer"
"2011","71","innvandrere","373","sysselsatte_innvkat","personer"
"2011","72","alle","15885","sysselsatte_innvkat","personer"
"2011","72","befolkningen_ellers","15074","sysselsatte_innvkat","personer"
"2011","72","innvandrere","811","sysselsatte_innvkat","personer"
"2011","73","alle","41154","sysselsatte_innvkat","personer"
"2011","73","befolkningen_ellers","38667","sysselsatte_innvkat","personer"
"2011","73","innvandrere","2487","sysselsatte_innvkat","personer"
"2011","74","alle","12351","sysselsatte_innvkat","personer"
"2011","74","befolkningen_ellers","11388","sysselsatte_innvkat","personer"
"2011","74","innvandrere","963","sysselsatte_innvkat","personer"
"2011","75","alle","11769","sysselsatte_innvkat","personer"
"2011","75","befolkningen_ellers","10798","sysselsatte_innvkat","personer"
"2011","75","innvandrere","971","sysselsatte_innvkat","personer"
"2011","76","alle","15624","sysselsatte_innvkat","personer"
"2011","76","befolkningen_ellers","14595","sysselsatte_innvkat","personer"
"2011","76","innvandrere","1029","sysselsatte_innvkat","personer"
"2011","77","alle","17828","sysselsatte_innvkat","personer"
"2011","77","befolkningen_ellers","16690","sysselsatte_innvkat","personer"
"2011","77","innvandrere","1138","sysselsatte_innvkat","personer"
"2011","78","alle","14858","sysselsatte_innvkat","personer"
"2011","78","befolkningen_ellers","14024","sysselsatte_innvkat","personer"
"2011","78","innvandrere","834","sysselsatte_innvkat","personer"
"2011","79","alle","41634","sysselsatte_innvkat","personer"
"2011","79","befolkningen_ellers","37624","sysselsatte_innvkat","personer"
"2011","79","innvandrere","4010","sysselsatte_innvkat","personer"
"2011","80","alle","7778","sysselsatte_innvkat","personer"
"2011","80","befolkningen_ellers","7371","sysselsatte_innvkat","personer"
"2011","80","innvandrere","407","sysselsatte_innvkat","personer"
"2011","81","alle","18938","sysselsatte_innvkat","personer"
"2011","81","befolkningen_ellers","16906","sysselsatte_innvkat","personer"
"2011","81","innvandrere","2032","sysselsatte_innvkat","personer"
"2011","82","alle","7053","sysselsatte_innvkat","personer"
"2011","82","befolkningen_ellers","6484","sysselsatte_innvkat","personer"
"2011","82","innvandrere","569","sysselsatte_innvkat","personer"
"2011","83","alle","12043","sysselsatte_innvkat","personer"
"2011","83","befolkningen_ellers","10483","sysselsatte_innvkat","personer"
"2011","83","innvandrere","1560","sysselsatte_innvkat","personer"
"2012","01","alle","13632","sysselsatte_innvkat","personer"
"2012","01","befolkningen_ellers","12360","sysselsatte_innvkat","personer"
"2012","01","innvandrere","1272","sysselsatte_innvkat","personer"
"2012","02","alle","29025","sysselsatte_innvkat","personer"
"2012","02","befolkningen_ellers","25767","sysselsatte_innvkat","personer"
"2012","02","innvandrere","3258","sysselsatte_innvkat","personer"
"2012","03","alle","27890","sysselsatte_innvkat","personer"
"2012","03","befolkningen_ellers","24397","sysselsatte_innvkat","personer"
"2012","03","innvandrere","3493","sysselsatte_innvkat","personer"
"2012","04","alle","63278","sysselsatte_innvkat","personer"
"2012","04","befolkningen_ellers","55647","sysselsatte_innvkat","personer"
"2012","04","innvandrere","7631","sysselsatte_innvkat","personer"
"2012","05","alle","88886","sysselsatte_innvkat","personer"
"2012","05","befolkningen_ellers","73717","sysselsatte_innvkat","personer"
"2012","05","innvandrere","15169","sysselsatte_innvkat","personer"
"2012","06","alle","68047","sysselsatte_innvkat","personer"
"2012","06","befolkningen_ellers","59117","sysselsatte_innvkat","personer"
"2012","06","innvandrere","8930","sysselsatte_innvkat","personer"
"2012","07","alle","86978","sysselsatte_innvkat","personer"
"2012","07","befolkningen_ellers","73111","sysselsatte_innvkat","personer"
"2012","07","innvandrere","13867","sysselsatte_innvkat","personer"
"2012","08","alle","48982","sysselsatte_innvkat","personer"
"2012","08","befolkningen_ellers","42552","sysselsatte_innvkat","personer"
"2012","08","innvandrere","6430","sysselsatte_innvkat","personer"
"2012","09","alle","334623","sysselsatte_innvkat","personer"
"2012","09","befolkningen_ellers","252274","sysselsatte_innvkat","personer"
"2012","09","innvandrere","82349","sysselsatte_innvkat","personer"
"2012","10","alle","7986","sysselsatte_innvkat","personer"
"2012","10","befolkningen_ellers","7419","sysselsatte_innvkat","personer"
"2012","10","innvandrere","567","sysselsatte_innvkat","personer"
"2012","11","alle","24412","sysselsatte_innvkat","personer"
"2012","11","befolkningen_ellers","22813","sysselsatte_innvkat","personer"
"2012","11","innvandrere","1599","sysselsatte_innvkat","personer"
"2012","12","alle","43997","sysselsatte_innvkat","personer"
"2012","12","befolkningen_ellers","40661","sysselsatte_innvkat","personer"
"2012","12","innvandrere","3336","sysselsatte_innvkat","personer"
"2012","13","alle","17158","sysselsatte_innvkat","personer"
"2012","13","befolkningen_ellers","15963","sysselsatte_innvkat","personer"
"2012","13","innvandrere","1195","sysselsatte_innvkat","personer"
"2012","14","alle","35449","sysselsatte_innvkat","personer"
"2012","14","befolkningen_ellers","32673","sysselsatte_innvkat","personer"
"2012","14","innvandrere","2776","sysselsatte_innvkat","personer"
"2012","15","alle","14660","sysselsatte_innvkat","personer"
"2012","15","befolkningen_ellers","13625","sysselsatte_innvkat","personer"
"2012","15","innvandrere","1035","sysselsatte_innvkat","personer"
"2012","16","alle","19594","sysselsatte_innvkat","personer"
"2012","16","befolkningen_ellers","17971","sysselsatte_innvkat","personer"
"2012","16","innvandrere","1623","sysselsatte_innvkat","personer"
"2012","17","alle","6791","sysselsatte_innvkat","personer"
"2012","17","befolkningen_ellers","6345","sysselsatte_innvkat","personer"
"2012","17","innvandrere","446","sysselsatte_innvkat","personer"
"2012","18","alle","9693","sysselsatte_innvkat","personer"
"2012","18","befolkningen_ellers","9201","sysselsatte_innvkat","personer"
"2012","18","innvandrere","492","sysselsatte_innvkat","personer"
"2012","19","alle","9483","sysselsatte_innvkat","personer"
"2012","19","befolkningen_ellers","8724","sysselsatte_innvkat","personer"
"2012","19","innvandrere","759","sysselsatte_innvkat","personer"
"2012","20","alle","89197","sysselsatte_innvkat","personer"
"2012","20","befolkningen_ellers","75338","sysselsatte_innvkat","personer"
"2012","20","innvandrere","13859","sysselsatte_innvkat","personer"
"2012","21","alle","11138","sysselsatte_innvkat","personer"
"2012","21","befolkningen_ellers","9630","sysselsatte_innvkat","personer"
"2012","21","innvandrere","1508","sysselsatte_innvkat","personer"
"2012","22","alle","17306","sysselsatte_innvkat","personer"
"2012","22","befolkningen_ellers","15209","sysselsatte_innvkat","personer"
"2012","22","innvandrere","2097","sysselsatte_innvkat","personer"
"2012","23","alle","9748","sysselsatte_innvkat","personer"
"2012","23","befolkningen_ellers","9005","sysselsatte_innvkat","personer"
"2012","23","innvandrere","743","sysselsatte_innvkat","personer"
"2012","24","alle","18053","sysselsatte_innvkat","personer"
"2012","24","befolkningen_ellers","16077","sysselsatte_innvkat","personer"
"2012","24","innvandrere","1976","sysselsatte_innvkat","personer"
"2012","25","alle","65674","sysselsatte_innvkat","personer"
"2012","25","befolkningen_ellers","58622","sysselsatte_innvkat","personer"
"2012","25","innvandrere","7052","sysselsatte_innvkat","personer"
"2012","26","alle","43190","sysselsatte_innvkat","personer"
"2012","26","befolkningen_ellers","38332","sysselsatte_innvkat","personer"
"2012","26","innvandrere","4858","sysselsatte_innvkat","personer"
"2012","27","alle","57407","sysselsatte_innvkat","personer"
"2012","27","befolkningen_ellers","52255","sysselsatte_innvkat","personer"
"2012","27","innvandrere","5152","sysselsatte_innvkat","personer"
"2012","28","alle","8050","sysselsatte_innvkat","personer"
"2012","28","befolkningen_ellers","7367","sysselsatte_innvkat","personer"
"2012","28","innvandrere","683","sysselsatte_innvkat","personer"
"2012","29","alle","9673","sysselsatte_innvkat","personer"
"2012","29","befolkningen_ellers","8854","sysselsatte_innvkat","personer"
"2012","29","innvandrere","819","sysselsatte_innvkat","personer"
"2012","30","alle","7579","sysselsatte_innvkat","personer"
"2012","30","befolkningen_ellers","7003","sysselsatte_innvkat","personer"
"2012","30","innvandrere","576","sysselsatte_innvkat","personer"
"2012","31","alle","3583","sysselsatte_innvkat","personer"
"2012","31","befolkningen_ellers","3243","sysselsatte_innvkat","personer"
"2012","31","innvandrere","340","sysselsatte_innvkat","personer"
"2012","32","alle","43056","sysselsatte_innvkat","personer"
"2012","32","befolkningen_ellers","38908","sysselsatte_innvkat","personer"
"2012","32","innvandrere","4148","sysselsatte_innvkat","personer"
"2012","33","alle","17839","sysselsatte_innvkat","personer"
"2012","33","befolkningen_ellers","16279","sysselsatte_innvkat","personer"
"2012","33","innvandrere","1560","sysselsatte_innvkat","personer"
"2012","34","alle","12061","sysselsatte_innvkat","personer"
"2012","34","befolkningen_ellers","11068","sysselsatte_innvkat","personer"
"2012","34","innvandrere","993","sysselsatte_innvkat","personer"
"2012","35","alle","65745","sysselsatte_innvkat","personer"
"2012","35","befolkningen_ellers","58092","sysselsatte_innvkat","personer"
"2012","35","innvandrere","7653","sysselsatte_innvkat","personer"
"2012","36","alle","12542","sysselsatte_innvkat","personer"
"2012","36","befolkningen_ellers","11341","sysselsatte_innvkat","personer"
"2012","36","innvandrere","1201","sysselsatte_innvkat","personer"
"2012","37","alle","51454","sysselsatte_innvkat","personer"
"2012","37","befolkningen_ellers","45858","sysselsatte_innvkat","personer"
"2012","37","innvandrere","5596","sysselsatte_innvkat","personer"
"2012","38","alle","11948","sysselsatte_innvkat","personer"
"2012","38","befolkningen_ellers","10692","sysselsatte_innvkat","personer"
"2012","38","innvandrere","1256","sysselsatte_innvkat","personer"
"2012","39","alle","166712","sysselsatte_innvkat","personer"
"2012","39","befolkningen_ellers","139037","sysselsatte_innvkat","personer"
"2012","39","innvandrere","27675","sysselsatte_innvkat","personer"
"2012","40","alle","142264","sysselsatte_innvkat","personer"
"2012","40","befolkningen_ellers","122718","sysselsatte_innvkat","personer"
"2012","40","innvandrere","19546","sysselsatte_innvkat","personer"
"2012","41","alle","12706","sysselsatte_innvkat","personer"
"2012","41","befolkningen_ellers","11521","sysselsatte_innvkat","personer"
"2012","41","innvandrere","1185","sysselsatte_innvkat","personer"
"2012","42","alle","11685","sysselsatte_innvkat","personer"
"2012","42","befolkningen_ellers","10574","sysselsatte_innvkat","personer"
"2012","42","innvandrere","1111","sysselsatte_innvkat","personer"
"2012","43","alle","7261","sysselsatte_innvkat","personer"
"2012","43","befolkningen_ellers","6828","sysselsatte_innvkat","personer"
"2012","43","innvandrere","433","sysselsatte_innvkat","personer"
"2012","44","alle","16558","sysselsatte_innvkat","personer"
"2012","44","befolkningen_ellers","15133","sysselsatte_innvkat","personer"
"2012","44","innvandrere","1425","sysselsatte_innvkat","personer"
"2012","45","alle","6001","sysselsatte_innvkat","personer"
"2012","45","befolkningen_ellers","5570","sysselsatte_innvkat","personer"
"2012","45","innvandrere","431","sysselsatte_innvkat","personer"
"2012","46","alle","32150","sysselsatte_innvkat","personer"
"2012","46","befolkningen_ellers","29376","sysselsatte_innvkat","personer"
"2012","46","innvandrere","2774","sysselsatte_innvkat","personer"
"2012","47","alle","31514","sysselsatte_innvkat","personer"
"2012","47","befolkningen_ellers","28868","sysselsatte_innvkat","personer"
"2012","47","innvandrere","2646","sysselsatte_innvkat","personer"
"2012","48","alle","3898","sysselsatte_innvkat","personer"
"2012","48","befolkningen_ellers","3552","sysselsatte_innvkat","personer"
"2012","48","innvandrere","346","sysselsatte_innvkat","personer"
"2012","49","alle","16990","sysselsatte_innvkat","personer"
"2012","49","befolkningen_ellers","15230","sysselsatte_innvkat","personer"
"2012","49","innvandrere","1760","sysselsatte_innvkat","personer"
"2012","50","alle","16895","sysselsatte_innvkat","personer"
"2012","50","befolkningen_ellers","15479","sysselsatte_innvkat","personer"
"2012","50","innvandrere","1416","sysselsatte_innvkat","personer"
"2012","51","alle","17744","sysselsatte_innvkat","personer"
"2012","51","befolkningen_ellers","16222","sysselsatte_innvkat","personer"
"2012","51","innvandrere","1522","sysselsatte_innvkat","personer"
"2012","52","alle","31077","sysselsatte_innvkat","personer"
"2012","52","befolkningen_ellers","28523","sysselsatte_innvkat","personer"
"2012","52","innvandrere","2554","sysselsatte_innvkat","personer"
"2012","53","alle","30345","sysselsatte_innvkat","personer"
"2012","53","befolkningen_ellers","27500","sysselsatte_innvkat","personer"
"2012","53","innvandrere","2845","sysselsatte_innvkat","personer"
"2012","54","alle","9304","sysselsatte_innvkat","personer"
"2012","54","befolkningen_ellers","8063","sysselsatte_innvkat","personer"
"2012","54","innvandrere","1241","sysselsatte_innvkat","personer"
"2012","55","alle","23983","sysselsatte_innvkat","personer"
"2012","55","befolkningen_ellers","21335","sysselsatte_innvkat","personer"
"2012","55","innvandrere","2648","sysselsatte_innvkat","personer"
"2012","56","alle","39995","sysselsatte_innvkat","personer"
"2012","56","befolkningen_ellers","35423","sysselsatte_innvkat","personer"
"2012","56","innvandrere","4572","sysselsatte_innvkat","personer"
"2012","57","alle","12392","sysselsatte_innvkat","personer"
"2012","57","befolkningen_ellers","11687","sysselsatte_innvkat","personer"
"2012","57","innvandrere","705","sysselsatte_innvkat","personer"
"2012","58","alle","4577","sysselsatte_innvkat","personer"
"2012","58","befolkningen_ellers","3625","sysselsatte_innvkat","personer"
"2012","58","innvandrere","952","sysselsatte_innvkat","personer"
"2012","59","alle","4813","sysselsatte_innvkat","personer"
"2012","59","befolkningen_ellers","4518","sysselsatte_innvkat","personer"
"2012","59","innvandrere","295","sysselsatte_innvkat","personer"
"2012","60","alle","11209","sysselsatte_innvkat","personer"
"2012","60","befolkningen_ellers","10616","sysselsatte_innvkat","personer"
"2012","60","innvandrere","593","sysselsatte_innvkat","personer"
"2012","61","alle","122660","sysselsatte_innvkat","personer"
"2012","61","befolkningen_ellers","110199","sysselsatte_innvkat","personer"
"2012","61","innvandrere","12461","sysselsatte_innvkat","personer"
"2012","62","alle","4444","sysselsatte_innvkat","personer"
"2012","62","befolkningen_ellers","4180","sysselsatte_innvkat","personer"
"2012","62","innvandrere","264","sysselsatte_innvkat","personer"
"2012","63","alle","13666","sysselsatte_innvkat","personer"
"2012","63","befolkningen_ellers","12850","sysselsatte_innvkat","personer"
"2012","63","innvandrere","816","sysselsatte_innvkat","personer"
"2012","64","alle","32139","sysselsatte_innvkat","personer"
"2012","64","befolkningen_ellers","30050","sysselsatte_innvkat","personer"
"2012","64","innvandrere","2089","sysselsatte_innvkat","personer"
"2012","65","alle","4439","sysselsatte_innvkat","personer"
"2012","65","befolkningen_ellers","4196","sysselsatte_innvkat","personer"
"2012","65","innvandrere","243","sysselsatte_innvkat","personer"
"2012","66","alle","5096","sysselsatte_innvkat","personer"
"2012","66","befolkningen_ellers","4744","sysselsatte_innvkat","personer"
"2012","66","innvandrere","352","sysselsatte_innvkat","personer"
"2012","67","alle","10263","sysselsatte_innvkat","personer"
"2012","67","befolkningen_ellers","9690","sysselsatte_innvkat","personer"
"2012","67","innvandrere","573","sysselsatte_innvkat","personer"
"2012","68","alle","6535","sysselsatte_innvkat","personer"
"2012","68","befolkningen_ellers","6206","sysselsatte_innvkat","personer"
"2012","68","innvandrere","329","sysselsatte_innvkat","personer"
"2012","69","alle","6264","sysselsatte_innvkat","personer"
"2012","69","befolkningen_ellers","5734","sysselsatte_innvkat","personer"
"2012","69","innvandrere","530","sysselsatte_innvkat","personer"
"2012","70","alle","1881","sysselsatte_innvkat","personer"
"2012","70","befolkningen_ellers","1707","sysselsatte_innvkat","personer"
"2012","70","innvandrere","174","sysselsatte_innvkat","personer"
"2012","71","alle","8116","sysselsatte_innvkat","personer"
"2012","71","befolkningen_ellers","7684","sysselsatte_innvkat","personer"
"2012","71","innvandrere","432","sysselsatte_innvkat","personer"
"2012","72","alle","15777","sysselsatte_innvkat","personer"
"2012","72","befolkningen_ellers","14875","sysselsatte_innvkat","personer"
"2012","72","innvandrere","902","sysselsatte_innvkat","personer"
"2012","73","alle","40947","sysselsatte_innvkat","personer"
"2012","73","befolkningen_ellers","38164","sysselsatte_innvkat","personer"
"2012","73","innvandrere","2783","sysselsatte_innvkat","personer"
"2012","74","alle","12290","sysselsatte_innvkat","personer"
"2012","74","befolkningen_ellers","11195","sysselsatte_innvkat","personer"
"2012","74","innvandrere","1095","sysselsatte_innvkat","personer"
"2012","75","alle","11797","sysselsatte_innvkat","personer"
"2012","75","befolkningen_ellers","10723","sysselsatte_innvkat","personer"
"2012","75","innvandrere","1074","sysselsatte_innvkat","personer"
"2012","76","alle","15499","sysselsatte_innvkat","personer"
"2012","76","befolkningen_ellers","14361","sysselsatte_innvkat","personer"
"2012","76","innvandrere","1138","sysselsatte_innvkat","personer"
"2012","77","alle","17756","sysselsatte_innvkat","personer"
"2012","77","befolkningen_ellers","16471","sysselsatte_innvkat","personer"
"2012","77","innvandrere","1285","sysselsatte_innvkat","personer"
"2012","78","alle","14899","sysselsatte_innvkat","personer"
"2012","78","befolkningen_ellers","13942","sysselsatte_innvkat","personer"
"2012","78","innvandrere","957","sysselsatte_innvkat","personer"
"2012","79","alle","42328","sysselsatte_innvkat","personer"
"2012","79","befolkningen_ellers","37966","sysselsatte_innvkat","personer"
"2012","79","innvandrere","4362","sysselsatte_innvkat","personer"
"2012","80","alle","7764","sysselsatte_innvkat","personer"
"2012","80","befolkningen_ellers","7318","sysselsatte_innvkat","personer"
"2012","80","innvandrere","446","sysselsatte_innvkat","personer"
"2012","81","alle","19148","sysselsatte_innvkat","personer"
"2012","81","befolkningen_ellers","16812","sysselsatte_innvkat","personer"
"2012","81","innvandrere","2336","sysselsatte_innvkat","personer"
"2012","82","alle","7019","sysselsatte_innvkat","personer"
"2012","82","befolkningen_ellers","6400","sysselsatte_innvkat","personer"
"2012","82","innvandrere","619","sysselsatte_innvkat","personer"
"2012","83","alle","12053","sysselsatte_innvkat","personer"
"2012","83","befolkningen_ellers","10326","sysselsatte_innvkat","personer"
"2012","83","innvandrere","1727","sysselsatte_innvkat","personer"
"2013","01","alle","13722","sysselsatte_innvkat","personer"
"2013","01","befolkningen_ellers","12363","sysselsatte_innvkat","personer"
"2013","01","innvandrere","1359","sysselsatte_innvkat","personer"
"2013","02","alle","29480","sysselsatte_innvkat","personer"
"2013","02","befolkningen_ellers","25827","sysselsatte_innvkat","personer"
"2013","02","innvandrere","3653","sysselsatte_innvkat","personer"
"2013","03","alle","28087","sysselsatte_innvkat","personer"
"2013","03","befolkningen_ellers","24406","sysselsatte_innvkat","personer"
"2013","03","innvandrere","3681","sysselsatte_innvkat","personer"
"2013","04","alle","63565","sysselsatte_innvkat","personer"
"2013","04","befolkningen_ellers","55583","sysselsatte_innvkat","personer"
"2013","04","innvandrere","7982","sysselsatte_innvkat","personer"
"2013","05","alle","90396","sysselsatte_innvkat","personer"
"2013","05","befolkningen_ellers","74071","sysselsatte_innvkat","personer"
"2013","05","innvandrere","16325","sysselsatte_innvkat","personer"
"2013","06","alle","68893","sysselsatte_innvkat","personer"
"2013","06","befolkningen_ellers","59373","sysselsatte_innvkat","personer"
"2013","06","innvandrere","9520","sysselsatte_innvkat","personer"
"2013","07","alle","87834","sysselsatte_innvkat","personer"
"2013","07","befolkningen_ellers","72985","sysselsatte_innvkat","personer"
"2013","07","innvandrere","14849","sysselsatte_innvkat","personer"
"2013","08","alle","49717","sysselsatte_innvkat","personer"
"2013","08","befolkningen_ellers","42718","sysselsatte_innvkat","personer"
"2013","08","innvandrere","6999","sysselsatte_innvkat","personer"
"2013","09","alle","341489","sysselsatte_innvkat","personer"
"2013","09","befolkningen_ellers","254393","sysselsatte_innvkat","personer"
"2013","09","innvandrere","87096","sysselsatte_innvkat","personer"
"2013","10","alle","7939","sysselsatte_innvkat","personer"
"2013","10","befolkningen_ellers","7351","sysselsatte_innvkat","personer"
"2013","10","innvandrere","588","sysselsatte_innvkat","personer"
"2013","11","alle","24176","sysselsatte_innvkat","personer"
"2013","11","befolkningen_ellers","22463","sysselsatte_innvkat","personer"
"2013","11","innvandrere","1713","sysselsatte_innvkat","personer"
"2013","12","alle","44300","sysselsatte_innvkat","personer"
"2013","12","befolkningen_ellers","40649","sysselsatte_innvkat","personer"
"2013","12","innvandrere","3651","sysselsatte_innvkat","personer"
"2013","13","alle","17203","sysselsatte_innvkat","personer"
"2013","13","befolkningen_ellers","15898","sysselsatte_innvkat","personer"
"2013","13","innvandrere","1305","sysselsatte_innvkat","personer"
"2013","14","alle","35657","sysselsatte_innvkat","personer"
"2013","14","befolkningen_ellers","32699","sysselsatte_innvkat","personer"
"2013","14","innvandrere","2958","sysselsatte_innvkat","personer"
"2013","15","alle","14634","sysselsatte_innvkat","personer"
"2013","15","befolkningen_ellers","13519","sysselsatte_innvkat","personer"
"2013","15","innvandrere","1115","sysselsatte_innvkat","personer"
"2013","16","alle","19915","sysselsatte_innvkat","personer"
"2013","16","befolkningen_ellers","18121","sysselsatte_innvkat","personer"
"2013","16","innvandrere","1794","sysselsatte_innvkat","personer"
"2013","17","alle","6791","sysselsatte_innvkat","personer"
"2013","17","befolkningen_ellers","6304","sysselsatte_innvkat","personer"
"2013","17","innvandrere","487","sysselsatte_innvkat","personer"
"2013","18","alle","9622","sysselsatte_innvkat","personer"
"2013","18","befolkningen_ellers","9118","sysselsatte_innvkat","personer"
"2013","18","innvandrere","504","sysselsatte_innvkat","personer"
"2013","19","alle","9509","sysselsatte_innvkat","personer"
"2013","19","befolkningen_ellers","8730","sysselsatte_innvkat","personer"
"2013","19","innvandrere","779","sysselsatte_innvkat","personer"
"2013","20","alle","90223","sysselsatte_innvkat","personer"
"2013","20","befolkningen_ellers","75163","sysselsatte_innvkat","personer"
"2013","20","innvandrere","15060","sysselsatte_innvkat","personer"
"2013","21","alle","11155","sysselsatte_innvkat","personer"
"2013","21","befolkningen_ellers","9594","sysselsatte_innvkat","personer"
"2013","21","innvandrere","1561","sysselsatte_innvkat","personer"
"2013","22","alle","17476","sysselsatte_innvkat","personer"
"2013","22","befolkningen_ellers","15193","sysselsatte_innvkat","personer"
"2013","22","innvandrere","2283","sysselsatte_innvkat","personer"
"2013","23","alle","9825","sysselsatte_innvkat","personer"
"2013","23","befolkningen_ellers","9001","sysselsatte_innvkat","personer"
"2013","23","innvandrere","824","sysselsatte_innvkat","personer"
"2013","24","alle","18178","sysselsatte_innvkat","personer"
"2013","24","befolkningen_ellers","16057","sysselsatte_innvkat","personer"
"2013","24","innvandrere","2121","sysselsatte_innvkat","personer"
"2013","25","alle","66483","sysselsatte_innvkat","personer"
"2013","25","befolkningen_ellers","58997","sysselsatte_innvkat","personer"
"2013","25","innvandrere","7486","sysselsatte_innvkat","personer"
"2013","26","alle","43252","sysselsatte_innvkat","personer"
"2013","26","befolkningen_ellers","38130","sysselsatte_innvkat","personer"
"2013","26","innvandrere","5122","sysselsatte_innvkat","personer"
"2013","27","alle","57879","sysselsatte_innvkat","personer"
"2013","27","befolkningen_ellers","52315","sysselsatte_innvkat","personer"
"2013","27","innvandrere","5564","sysselsatte_innvkat","personer"
"2013","28","alle","8027","sysselsatte_innvkat","personer"
"2013","28","befolkningen_ellers","7302","sysselsatte_innvkat","personer"
"2013","28","innvandrere","725","sysselsatte_innvkat","personer"
"2013","29","alle","9604","sysselsatte_innvkat","personer"
"2013","29","befolkningen_ellers","8758","sysselsatte_innvkat","personer"
"2013","29","innvandrere","846","sysselsatte_innvkat","personer"
"2013","30","alle","7593","sysselsatte_innvkat","personer"
"2013","30","befolkningen_ellers","6986","sysselsatte_innvkat","personer"
"2013","30","innvandrere","607","sysselsatte_innvkat","personer"
"2013","31","alle","3586","sysselsatte_innvkat","personer"
"2013","31","befolkningen_ellers","3229","sysselsatte_innvkat","personer"
"2013","31","innvandrere","357","sysselsatte_innvkat","personer"
"2013","32","alle","43028","sysselsatte_innvkat","personer"
"2013","32","befolkningen_ellers","38627","sysselsatte_innvkat","personer"
"2013","32","innvandrere","4401","sysselsatte_innvkat","personer"
"2013","33","alle","18033","sysselsatte_innvkat","personer"
"2013","33","befolkningen_ellers","16416","sysselsatte_innvkat","personer"
"2013","33","innvandrere","1617","sysselsatte_innvkat","personer"
"2013","34","alle","12192","sysselsatte_innvkat","personer"
"2013","34","befolkningen_ellers","11103","sysselsatte_innvkat","personer"
"2013","34","innvandrere","1089","sysselsatte_innvkat","personer"
"2013","35","alle","66531","sysselsatte_innvkat","personer"
"2013","35","befolkningen_ellers","58477","sysselsatte_innvkat","personer"
"2013","35","innvandrere","8054","sysselsatte_innvkat","personer"
"2013","36","alle","12720","sysselsatte_innvkat","personer"
"2013","36","befolkningen_ellers","11421","sysselsatte_innvkat","personer"
"2013","36","innvandrere","1299","sysselsatte_innvkat","personer"
"2013","37","alle","51932","sysselsatte_innvkat","personer"
"2013","37","befolkningen_ellers","45911","sysselsatte_innvkat","personer"
"2013","37","innvandrere","6021","sysselsatte_innvkat","personer"
"2013","38","alle","12121","sysselsatte_innvkat","personer"
"2013","38","befolkningen_ellers","10726","sysselsatte_innvkat","personer"
"2013","38","innvandrere","1395","sysselsatte_innvkat","personer"
"2013","39","alle","170032","sysselsatte_innvkat","personer"
"2013","39","befolkningen_ellers","140175","sysselsatte_innvkat","personer"
"2013","39","innvandrere","29857","sysselsatte_innvkat","personer"
"2013","40","alle","144733","sysselsatte_innvkat","personer"
"2013","40","befolkningen_ellers","123564","sysselsatte_innvkat","personer"
"2013","40","innvandrere","21169","sysselsatte_innvkat","personer"
"2013","41","alle","12980","sysselsatte_innvkat","personer"
"2013","41","befolkningen_ellers","11697","sysselsatte_innvkat","personer"
"2013","41","innvandrere","1283","sysselsatte_innvkat","personer"
"2013","42","alle","11639","sysselsatte_innvkat","personer"
"2013","42","befolkningen_ellers","10468","sysselsatte_innvkat","personer"
"2013","42","innvandrere","1171","sysselsatte_innvkat","personer"
"2013","43","alle","7383","sysselsatte_innvkat","personer"
"2013","43","befolkningen_ellers","6882","sysselsatte_innvkat","personer"
"2013","43","innvandrere","501","sysselsatte_innvkat","personer"
"2013","44","alle","16729","sysselsatte_innvkat","personer"
"2013","44","befolkningen_ellers","15206","sysselsatte_innvkat","personer"
"2013","44","innvandrere","1523","sysselsatte_innvkat","personer"
"2013","45","alle","6119","sysselsatte_innvkat","personer"
"2013","45","befolkningen_ellers","5616","sysselsatte_innvkat","personer"
"2013","45","innvandrere","503","sysselsatte_innvkat","personer"
"2013","46","alle","32525","sysselsatte_innvkat","personer"
"2013","46","befolkningen_ellers","29426","sysselsatte_innvkat","personer"
"2013","46","innvandrere","3099","sysselsatte_innvkat","personer"
"2013","47","alle","32226","sysselsatte_innvkat","personer"
"2013","47","befolkningen_ellers","29309","sysselsatte_innvkat","personer"
"2013","47","innvandrere","2917","sysselsatte_innvkat","personer"
"2013","48","alle","3897","sysselsatte_innvkat","personer"
"2013","48","befolkningen_ellers","3550","sysselsatte_innvkat","personer"
"2013","48","innvandrere","347","sysselsatte_innvkat","personer"
"2013","49","alle","17034","sysselsatte_innvkat","personer"
"2013","49","befolkningen_ellers","15173","sysselsatte_innvkat","personer"
"2013","49","innvandrere","1861","sysselsatte_innvkat","personer"
"2013","50","alle","16924","sysselsatte_innvkat","personer"
"2013","50","befolkningen_ellers","15399","sysselsatte_innvkat","personer"
"2013","50","innvandrere","1525","sysselsatte_innvkat","personer"
"2013","51","alle","17935","sysselsatte_innvkat","personer"
"2013","51","befolkningen_ellers","16303","sysselsatte_innvkat","personer"
"2013","51","innvandrere","1632","sysselsatte_innvkat","personer"
"2013","52","alle","31074","sysselsatte_innvkat","personer"
"2013","52","befolkningen_ellers","28356","sysselsatte_innvkat","personer"
"2013","52","innvandrere","2718","sysselsatte_innvkat","personer"
"2013","53","alle","30362","sysselsatte_innvkat","personer"
"2013","53","befolkningen_ellers","27312","sysselsatte_innvkat","personer"
"2013","53","innvandrere","3050","sysselsatte_innvkat","personer"
"2013","54","alle","9220","sysselsatte_innvkat","personer"
"2013","54","befolkningen_ellers","7920","sysselsatte_innvkat","personer"
"2013","54","innvandrere","1300","sysselsatte_innvkat","personer"
"2013","55","alle","24179","sysselsatte_innvkat","personer"
"2013","55","befolkningen_ellers","21304","sysselsatte_innvkat","personer"
"2013","55","innvandrere","2875","sysselsatte_innvkat","personer"
"2013","56","alle","40626","sysselsatte_innvkat","personer"
"2013","56","befolkningen_ellers","35554","sysselsatte_innvkat","personer"
"2013","56","innvandrere","5072","sysselsatte_innvkat","personer"
"2013","57","alle","12442","sysselsatte_innvkat","personer"
"2013","57","befolkningen_ellers","11634","sysselsatte_innvkat","personer"
"2013","57","innvandrere","808","sysselsatte_innvkat","personer"
"2013","58","alle","4676","sysselsatte_innvkat","personer"
"2013","58","befolkningen_ellers","3596","sysselsatte_innvkat","personer"
"2013","58","innvandrere","1080","sysselsatte_innvkat","personer"
"2013","59","alle","4817","sysselsatte_innvkat","personer"
"2013","59","befolkningen_ellers","4493","sysselsatte_innvkat","personer"
"2013","59","innvandrere","324","sysselsatte_innvkat","personer"
"2013","60","alle","11185","sysselsatte_innvkat","personer"
"2013","60","befolkningen_ellers","10506","sysselsatte_innvkat","personer"
"2013","60","innvandrere","679","sysselsatte_innvkat","personer"
"2013","61","alle","124841","sysselsatte_innvkat","personer"
"2013","61","befolkningen_ellers","111271","sysselsatte_innvkat","personer"
"2013","61","innvandrere","13570","sysselsatte_innvkat","personer"
"2013","62","alle","4495","sysselsatte_innvkat","personer"
"2013","62","befolkningen_ellers","4202","sysselsatte_innvkat","personer"
"2013","62","innvandrere","293","sysselsatte_innvkat","personer"
"2013","63","alle","13822","sysselsatte_innvkat","personer"
"2013","63","befolkningen_ellers","12906","sysselsatte_innvkat","personer"
"2013","63","innvandrere","916","sysselsatte_innvkat","personer"
"2013","64","alle","32043","sysselsatte_innvkat","personer"
"2013","64","befolkningen_ellers","29992","sysselsatte_innvkat","personer"
"2013","64","innvandrere","2051","sysselsatte_innvkat","personer"
"2013","65","alle","4427","sysselsatte_innvkat","personer"
"2013","65","befolkningen_ellers","4174","sysselsatte_innvkat","personer"
"2013","65","innvandrere","253","sysselsatte_innvkat","personer"
"2013","66","alle","5051","sysselsatte_innvkat","personer"
"2013","66","befolkningen_ellers","4682","sysselsatte_innvkat","personer"
"2013","66","innvandrere","369","sysselsatte_innvkat","personer"
"2013","67","alle","10214","sysselsatte_innvkat","personer"
"2013","67","befolkningen_ellers","9598","sysselsatte_innvkat","personer"
"2013","67","innvandrere","616","sysselsatte_innvkat","personer"
"2013","68","alle","6494","sysselsatte_innvkat","personer"
"2013","68","befolkningen_ellers","6145","sysselsatte_innvkat","personer"
"2013","68","innvandrere","349","sysselsatte_innvkat","personer"
"2013","69","alle","6297","sysselsatte_innvkat","personer"
"2013","69","befolkningen_ellers","5741","sysselsatte_innvkat","personer"
"2013","69","innvandrere","556","sysselsatte_innvkat","personer"
"2013","70","alle","1833","sysselsatte_innvkat","personer"
"2013","70","befolkningen_ellers","1654","sysselsatte_innvkat","personer"
"2013","70","innvandrere","179","sysselsatte_innvkat","personer"
"2013","71","alle","8096","sysselsatte_innvkat","personer"
"2013","71","befolkningen_ellers","7636","sysselsatte_innvkat","personer"
"2013","71","innvandrere","460","sysselsatte_innvkat","personer"
"2013","72","alle","15827","sysselsatte_innvkat","personer"
"2013","72","befolkningen_ellers","14872","sysselsatte_innvkat","personer"
"2013","72","innvandrere","955","sysselsatte_innvkat","personer"
"2013","73","alle","41359","sysselsatte_innvkat","personer"
"2013","73","befolkningen_ellers","38267","sysselsatte_innvkat","personer"
"2013","73","innvandrere","3092","sysselsatte_innvkat","personer"
"2013","74","alle","12349","sysselsatte_innvkat","personer"
"2013","74","befolkningen_ellers","11150","sysselsatte_innvkat","personer"
"2013","74","innvandrere","1199","sysselsatte_innvkat","personer"
"2013","75","alle","11902","sysselsatte_innvkat","personer"
"2013","75","befolkningen_ellers","10728","sysselsatte_innvkat","personer"
"2013","75","innvandrere","1174","sysselsatte_innvkat","personer"
"2013","76","alle","15613","sysselsatte_innvkat","personer"
"2013","76","befolkningen_ellers","14322","sysselsatte_innvkat","personer"
"2013","76","innvandrere","1291","sysselsatte_innvkat","personer"
"2013","77","alle","17856","sysselsatte_innvkat","personer"
"2013","77","befolkningen_ellers","16404","sysselsatte_innvkat","personer"
"2013","77","innvandrere","1452","sysselsatte_innvkat","personer"
"2013","78","alle","14978","sysselsatte_innvkat","personer"
"2013","78","befolkningen_ellers","13928","sysselsatte_innvkat","personer"
"2013","78","innvandrere","1050","sysselsatte_innvkat","personer"
"2013","79","alle","43468","sysselsatte_innvkat","personer"
"2013","79","befolkningen_ellers","38504","sysselsatte_innvkat","personer"
"2013","79","innvandrere","4964","sysselsatte_innvkat","personer"
"2013","80","alle","7730","sysselsatte_innvkat","personer"
"2013","80","befolkningen_ellers","7241","sysselsatte_innvkat","personer"
"2013","80","innvandrere","489","sysselsatte_innvkat","personer"
"2013","81","alle","19203","sysselsatte_innvkat","personer"
"2013","81","befolkningen_ellers","16745","sysselsatte_innvkat","personer"
"2013","81","innvandrere","2458","sysselsatte_innvkat","personer"
"2013","82","alle","6963","sysselsatte_innvkat","personer"
"2013","82","befolkningen_ellers","6359","sysselsatte_innvkat","personer"
"2013","82","innvandrere","604","sysselsatte_innvkat","personer"
"2013","83","alle","12255","sysselsatte_innvkat","personer"
"2013","83","befolkningen_ellers","10289","sysselsatte_innvkat","personer"
"2013","83","innvandrere","1966","sysselsatte_innvkat","personer"
"2014","01","alle","13827","sysselsatte_innvkat","personer"
"2014","01","befolkningen_ellers","12427","sysselsatte_innvkat","personer"
"2014","01","innvandrere","1400","sysselsatte_innvkat","personer"
"2014","02","alle","29555","sysselsatte_innvkat","personer"
"2014","02","befolkningen_ellers","25701","sysselsatte_innvkat","personer"
"2014","02","innvandrere","3854","sysselsatte_innvkat","personer"
"2014","03","alle","28503","sysselsatte_innvkat","personer"
"2014","03","befolkningen_ellers","24523","sysselsatte_innvkat","personer"
"2014","03","innvandrere","3980","sysselsatte_innvkat","personer"
"2014","04","alle","63849","sysselsatte_innvkat","personer"
"2014","04","befolkningen_ellers","55458","sysselsatte_innvkat","personer"
"2014","04","innvandrere","8391","sysselsatte_innvkat","personer"
"2014","05","alle","92109","sysselsatte_innvkat","personer"
"2014","05","befolkningen_ellers","74693","sysselsatte_innvkat","personer"
"2014","05","innvandrere","17416","sysselsatte_innvkat","personer"
"2014","06","alle","69773","sysselsatte_innvkat","personer"
"2014","06","befolkningen_ellers","59469","sysselsatte_innvkat","personer"
"2014","06","innvandrere","10304","sysselsatte_innvkat","personer"
"2014","07","alle","88741","sysselsatte_innvkat","personer"
"2014","07","befolkningen_ellers","72819","sysselsatte_innvkat","personer"
"2014","07","innvandrere","15922","sysselsatte_innvkat","personer"
"2014","08","alle","50715","sysselsatte_innvkat","personer"
"2014","08","befolkningen_ellers","43075","sysselsatte_innvkat","personer"
"2014","08","innvandrere","7640","sysselsatte_innvkat","personer"
"2014","09","alle","349929","sysselsatte_innvkat","personer"
"2014","09","befolkningen_ellers","257978","sysselsatte_innvkat","personer"
"2014","09","innvandrere","91951","sysselsatte_innvkat","personer"
"2014","10","alle","7851","sysselsatte_innvkat","personer"
"2014","10","befolkningen_ellers","7233","sysselsatte_innvkat","personer"
"2014","10","innvandrere","618","sysselsatte_innvkat","personer"
"2014","11","alle","24231","sysselsatte_innvkat","personer"
"2014","11","befolkningen_ellers","22416","sysselsatte_innvkat","personer"
"2014","11","innvandrere","1815","sysselsatte_innvkat","personer"
"2014","12","alle","44986","sysselsatte_innvkat","personer"
"2014","12","befolkningen_ellers","40987","sysselsatte_innvkat","personer"
"2014","12","innvandrere","3999","sysselsatte_innvkat","personer"
"2014","13","alle","17205","sysselsatte_innvkat","personer"
"2014","13","befolkningen_ellers","15803","sysselsatte_innvkat","personer"
"2014","13","innvandrere","1402","sysselsatte_innvkat","personer"
"2014","14","alle","36052","sysselsatte_innvkat","personer"
"2014","14","befolkningen_ellers","32845","sysselsatte_innvkat","personer"
"2014","14","innvandrere","3207","sysselsatte_innvkat","personer"
"2014","15","alle","14677","sysselsatte_innvkat","personer"
"2014","15","befolkningen_ellers","13485","sysselsatte_innvkat","personer"
"2014","15","innvandrere","1192","sysselsatte_innvkat","personer"
"2014","16","alle","20115","sysselsatte_innvkat","personer"
"2014","16","befolkningen_ellers","18168","sysselsatte_innvkat","personer"
"2014","16","innvandrere","1947","sysselsatte_innvkat","personer"
"2014","17","alle","6765","sysselsatte_innvkat","personer"
"2014","17","befolkningen_ellers","6251","sysselsatte_innvkat","personer"
"2014","17","innvandrere","514","sysselsatte_innvkat","personer"
"2014","18","alle","9635","sysselsatte_innvkat","personer"
"2014","18","befolkningen_ellers","9099","sysselsatte_innvkat","personer"
"2014","18","innvandrere","536","sysselsatte_innvkat","personer"
"2014","19","alle","9527","sysselsatte_innvkat","personer"
"2014","19","befolkningen_ellers","8708","sysselsatte_innvkat","personer"
"2014","19","innvandrere","819","sysselsatte_innvkat","personer"
"2014","20","alle","91257","sysselsatte_innvkat","personer"
"2014","20","befolkningen_ellers","75201","sysselsatte_innvkat","personer"
"2014","20","innvandrere","16056","sysselsatte_innvkat","personer"
"2014","21","alle","11157","sysselsatte_innvkat","personer"
"2014","21","befolkningen_ellers","9587","sysselsatte_innvkat","personer"
"2014","21","innvandrere","1570","sysselsatte_innvkat","personer"
"2014","22","alle","17393","sysselsatte_innvkat","personer"
"2014","22","befolkningen_ellers","15096","sysselsatte_innvkat","personer"
"2014","22","innvandrere","2297","sysselsatte_innvkat","personer"
"2014","23","alle","9872","sysselsatte_innvkat","personer"
"2014","23","befolkningen_ellers","8984","sysselsatte_innvkat","personer"
"2014","23","innvandrere","888","sysselsatte_innvkat","personer"
"2014","24","alle","18375","sysselsatte_innvkat","personer"
"2014","24","befolkningen_ellers","16075","sysselsatte_innvkat","personer"
"2014","24","innvandrere","2300","sysselsatte_innvkat","personer"
"2014","25","alle","67315","sysselsatte_innvkat","personer"
"2014","25","befolkningen_ellers","59353","sysselsatte_innvkat","personer"
"2014","25","innvandrere","7962","sysselsatte_innvkat","personer"
"2014","26","alle","43809","sysselsatte_innvkat","personer"
"2014","26","befolkningen_ellers","38295","sysselsatte_innvkat","personer"
"2014","26","innvandrere","5514","sysselsatte_innvkat","personer"
"2014","27","alle","57839","sysselsatte_innvkat","personer"
"2014","27","befolkningen_ellers","52063","sysselsatte_innvkat","personer"
"2014","27","innvandrere","5776","sysselsatte_innvkat","personer"
"2014","28","alle","8065","sysselsatte_innvkat","personer"
"2014","28","befolkningen_ellers","7303","sysselsatte_innvkat","personer"
"2014","28","innvandrere","762","sysselsatte_innvkat","personer"
"2014","29","alle","9669","sysselsatte_innvkat","personer"
"2014","29","befolkningen_ellers","8770","sysselsatte_innvkat","personer"
"2014","29","innvandrere","899","sysselsatte_innvkat","personer"
"2014","30","alle","7485","sysselsatte_innvkat","personer"
"2014","30","befolkningen_ellers","6877","sysselsatte_innvkat","personer"
"2014","30","innvandrere","608","sysselsatte_innvkat","personer"
"2014","31","alle","3534","sysselsatte_innvkat","personer"
"2014","31","befolkningen_ellers","3192","sysselsatte_innvkat","personer"
"2014","31","innvandrere","342","sysselsatte_innvkat","personer"
"2014","32","alle","43326","sysselsatte_innvkat","personer"
"2014","32","befolkningen_ellers","38700","sysselsatte_innvkat","personer"
"2014","32","innvandrere","4626","sysselsatte_innvkat","personer"
"2014","33","alle","18261","sysselsatte_innvkat","personer"
"2014","33","befolkningen_ellers","16548","sysselsatte_innvkat","personer"
"2014","33","innvandrere","1713","sysselsatte_innvkat","personer"
"2014","34","alle","12266","sysselsatte_innvkat","personer"
"2014","34","befolkningen_ellers","11147","sysselsatte_innvkat","personer"
"2014","34","innvandrere","1119","sysselsatte_innvkat","personer"
"2014","35","alle","67662","sysselsatte_innvkat","personer"
"2014","35","befolkningen_ellers","59142","sysselsatte_innvkat","personer"
"2014","35","innvandrere","8520","sysselsatte_innvkat","personer"
"2014","36","alle","12755","sysselsatte_innvkat","personer"
"2014","36","befolkningen_ellers","11366","sysselsatte_innvkat","personer"
"2014","36","innvandrere","1389","sysselsatte_innvkat","personer"
"2014","37","alle","52573","sysselsatte_innvkat","personer"
"2014","37","befolkningen_ellers","46184","sysselsatte_innvkat","personer"
"2014","37","innvandrere","6389","sysselsatte_innvkat","personer"
"2014","38","alle","12272","sysselsatte_innvkat","personer"
"2014","38","befolkningen_ellers","10786","sysselsatte_innvkat","personer"
"2014","38","innvandrere","1486","sysselsatte_innvkat","personer"
"2014","39","alle","172058","sysselsatte_innvkat","personer"
"2014","39","befolkningen_ellers","140355","sysselsatte_innvkat","personer"
"2014","39","innvandrere","31703","sysselsatte_innvkat","personer"
"2014","40","alle","147141","sysselsatte_innvkat","personer"
"2014","40","befolkningen_ellers","124302","sysselsatte_innvkat","personer"
"2014","40","innvandrere","22839","sysselsatte_innvkat","personer"
"2014","41","alle","13168","sysselsatte_innvkat","personer"
"2014","41","befolkningen_ellers","11745","sysselsatte_innvkat","personer"
"2014","41","innvandrere","1423","sysselsatte_innvkat","personer"
"2014","42","alle","11685","sysselsatte_innvkat","personer"
"2014","42","befolkningen_ellers","10436","sysselsatte_innvkat","personer"
"2014","42","innvandrere","1249","sysselsatte_innvkat","personer"
"2014","43","alle","7480","sysselsatte_innvkat","personer"
"2014","43","befolkningen_ellers","6907","sysselsatte_innvkat","personer"
"2014","43","innvandrere","573","sysselsatte_innvkat","personer"
"2014","44","alle","16982","sysselsatte_innvkat","personer"
"2014","44","befolkningen_ellers","15381","sysselsatte_innvkat","personer"
"2014","44","innvandrere","1601","sysselsatte_innvkat","personer"
"2014","45","alle","6159","sysselsatte_innvkat","personer"
"2014","45","befolkningen_ellers","5593","sysselsatte_innvkat","personer"
"2014","45","innvandrere","566","sysselsatte_innvkat","personer"
"2014","46","alle","32711","sysselsatte_innvkat","personer"
"2014","46","befolkningen_ellers","29355","sysselsatte_innvkat","personer"
"2014","46","innvandrere","3356","sysselsatte_innvkat","personer"
"2014","47","alle","32828","sysselsatte_innvkat","personer"
"2014","47","befolkningen_ellers","29600","sysselsatte_innvkat","personer"
"2014","47","innvandrere","3228","sysselsatte_innvkat","personer"
"2014","48","alle","3863","sysselsatte_innvkat","personer"
"2014","48","befolkningen_ellers","3494","sysselsatte_innvkat","personer"
"2014","48","innvandrere","369","sysselsatte_innvkat","personer"
"2014","49","alle","16987","sysselsatte_innvkat","personer"
"2014","49","befolkningen_ellers","15038","sysselsatte_innvkat","personer"
"2014","49","innvandrere","1949","sysselsatte_innvkat","personer"
"2014","50","alle","17053","sysselsatte_innvkat","personer"
"2014","50","befolkningen_ellers","15402","sysselsatte_innvkat","personer"
"2014","50","innvandrere","1651","sysselsatte_innvkat","personer"
"2014","51","alle","18192","sysselsatte_innvkat","personer"
"2014","51","befolkningen_ellers","16406","sysselsatte_innvkat","personer"
"2014","51","innvandrere","1786","sysselsatte_innvkat","personer"
"2014","52","alle","31045","sysselsatte_innvkat","personer"
"2014","52","befolkningen_ellers","28201","sysselsatte_innvkat","personer"
"2014","52","innvandrere","2844","sysselsatte_innvkat","personer"
"2014","53","alle","30723","sysselsatte_innvkat","personer"
"2014","53","befolkningen_ellers","27349","sysselsatte_innvkat","personer"
"2014","53","innvandrere","3374","sysselsatte_innvkat","personer"
"2014","54","alle","9175","sysselsatte_innvkat","personer"
"2014","54","befolkningen_ellers","7822","sysselsatte_innvkat","personer"
"2014","54","innvandrere","1353","sysselsatte_innvkat","personer"
"2014","55","alle","24501","sysselsatte_innvkat","personer"
"2014","55","befolkningen_ellers","21442","sysselsatte_innvkat","personer"
"2014","55","innvandrere","3059","sysselsatte_innvkat","personer"
"2014","56","alle","41326","sysselsatte_innvkat","personer"
"2014","56","befolkningen_ellers","35807","sysselsatte_innvkat","personer"
"2014","56","innvandrere","5519","sysselsatte_innvkat","personer"
"2014","57","alle","12596","sysselsatte_innvkat","personer"
"2014","57","befolkningen_ellers","11759","sysselsatte_innvkat","personer"
"2014","57","innvandrere","837","sysselsatte_innvkat","personer"
"2014","58","alle","4886","sysselsatte_innvkat","personer"
"2014","58","befolkningen_ellers","3700","sysselsatte_innvkat","personer"
"2014","58","innvandrere","1186","sysselsatte_innvkat","personer"
"2014","59","alle","4853","sysselsatte_innvkat","personer"
"2014","59","befolkningen_ellers","4504","sysselsatte_innvkat","personer"
"2014","59","innvandrere","349","sysselsatte_innvkat","personer"
"2014","60","alle","11126","sysselsatte_innvkat","personer"
"2014","60","befolkningen_ellers","10403","sysselsatte_innvkat","personer"
"2014","60","innvandrere","723","sysselsatte_innvkat","personer"
"2014","61","alle","126435","sysselsatte_innvkat","personer"
"2014","61","befolkningen_ellers","112120","sysselsatte_innvkat","personer"
"2014","61","innvandrere","14315","sysselsatte_innvkat","personer"
"2014","62","alle","4491","sysselsatte_innvkat","personer"
"2014","62","befolkningen_ellers","4175","sysselsatte_innvkat","personer"
"2014","62","innvandrere","316","sysselsatte_innvkat","personer"
"2014","63","alle","13917","sysselsatte_innvkat","personer"
"2014","63","befolkningen_ellers","12925","sysselsatte_innvkat","personer"
"2014","63","innvandrere","992","sysselsatte_innvkat","personer"
"2014","64","alle","32000","sysselsatte_innvkat","personer"
"2014","64","befolkningen_ellers","29915","sysselsatte_innvkat","personer"
"2014","64","innvandrere","2085","sysselsatte_innvkat","personer"
"2014","65","alle","4364","sysselsatte_innvkat","personer"
"2014","65","befolkningen_ellers","4109","sysselsatte_innvkat","personer"
"2014","65","innvandrere","255","sysselsatte_innvkat","personer"
"2014","66","alle","5024","sysselsatte_innvkat","personer"
"2014","66","befolkningen_ellers","4647","sysselsatte_innvkat","personer"
"2014","66","innvandrere","377","sysselsatte_innvkat","personer"
"2014","67","alle","10208","sysselsatte_innvkat","personer"
"2014","67","befolkningen_ellers","9548","sysselsatte_innvkat","personer"
"2014","67","innvandrere","660","sysselsatte_innvkat","personer"
"2014","68","alle","6563","sysselsatte_innvkat","personer"
"2014","68","befolkningen_ellers","6178","sysselsatte_innvkat","personer"
"2014","68","innvandrere","385","sysselsatte_innvkat","personer"
"2014","69","alle","6263","sysselsatte_innvkat","personer"
"2014","69","befolkningen_ellers","5679","sysselsatte_innvkat","personer"
"2014","69","innvandrere","584","sysselsatte_innvkat","personer"
"2014","70","alle","1803","sysselsatte_innvkat","personer"
"2014","70","befolkningen_ellers","1620","sysselsatte_innvkat","personer"
"2014","70","innvandrere","183","sysselsatte_innvkat","personer"
"2014","71","alle","8145","sysselsatte_innvkat","personer"
"2014","71","befolkningen_ellers","7629","sysselsatte_innvkat","personer"
"2014","71","innvandrere","516","sysselsatte_innvkat","personer"
"2014","72","alle","16015","sysselsatte_innvkat","personer"
"2014","72","befolkningen_ellers","14897","sysselsatte_innvkat","personer"
"2014","72","innvandrere","1118","sysselsatte_innvkat","personer"
"2014","73","alle","41591","sysselsatte_innvkat","personer"
"2014","73","befolkningen_ellers","38156","sysselsatte_innvkat","personer"
"2014","73","innvandrere","3435","sysselsatte_innvkat","personer"
"2014","74","alle","12456","sysselsatte_innvkat","personer"
"2014","74","befolkningen_ellers","11182","sysselsatte_innvkat","personer"
"2014","74","innvandrere","1274","sysselsatte_innvkat","personer"
"2014","75","alle","12089","sysselsatte_innvkat","personer"
"2014","75","befolkningen_ellers","10781","sysselsatte_innvkat","personer"
"2014","75","innvandrere","1308","sysselsatte_innvkat","personer"
"2014","76","alle","15541","sysselsatte_innvkat","personer"
"2014","76","befolkningen_ellers","14166","sysselsatte_innvkat","personer"
"2014","76","innvandrere","1375","sysselsatte_innvkat","personer"
"2014","77","alle","17995","sysselsatte_innvkat","personer"
"2014","77","befolkningen_ellers","16401","sysselsatte_innvkat","personer"
"2014","77","innvandrere","1594","sysselsatte_innvkat","personer"
"2014","78","alle","15097","sysselsatte_innvkat","personer"
"2014","78","befolkningen_ellers","13969","sysselsatte_innvkat","personer"
"2014","78","innvandrere","1128","sysselsatte_innvkat","personer"
"2014","79","alle","43739","sysselsatte_innvkat","personer"
"2014","79","befolkningen_ellers","38344","sysselsatte_innvkat","personer"
"2014","79","innvandrere","5395","sysselsatte_innvkat","personer"
"2014","80","alle","7800","sysselsatte_innvkat","personer"
"2014","80","befolkningen_ellers","7226","sysselsatte_innvkat","personer"
"2014","80","innvandrere","574","sysselsatte_innvkat","personer"
"2014","81","alle","19397","sysselsatte_innvkat","personer"
"2014","81","befolkningen_ellers","16787","sysselsatte_innvkat","personer"
"2014","81","innvandrere","2610","sysselsatte_innvkat","personer"
"2014","82","alle","7007","sysselsatte_innvkat","personer"
"2014","82","befolkningen_ellers","6365","sysselsatte_innvkat","personer"
"2014","82","innvandrere","642","sysselsatte_innvkat","personer"
"2014","83","alle","12176","sysselsatte_innvkat","personer"
"2014","83","befolkningen_ellers","10158","sysselsatte_innvkat","personer"
"2014","83","innvandrere","2018","sysselsatte_innvkat","personer"
"2006","01","alle","65","sysselsatte_innvkat","prosent"
"2006","01","befolkningen_ellers","67","sysselsatte_innvkat","prosent"
"2006","01","innvandrere","50","sysselsatte_innvkat","prosent"
"2006","02","alle","69","sysselsatte_innvkat","prosent"
"2006","02","befolkningen_ellers","70","sysselsatte_innvkat","prosent"
"2006","02","innvandrere","57","sysselsatte_innvkat","prosent"
"2006","03","alle","68","sysselsatte_innvkat","prosent"
"2006","03","befolkningen_ellers","69","sysselsatte_innvkat","prosent"
"2006","03","innvandrere","57","sysselsatte_innvkat","prosent"
"2006","04","alle","66","sysselsatte_innvkat","prosent"
"2006","04","befolkningen_ellers","67","sysselsatte_innvkat","prosent"
"2006","04","innvandrere","52","sysselsatte_innvkat","prosent"
"2006","05","alle","73","sysselsatte_innvkat","prosent"
"2006","05","befolkningen_ellers","74","sysselsatte_innvkat","prosent"
"2006","05","innvandrere","66","sysselsatte_innvkat","prosent"
"2006","06","alle","72","sysselsatte_innvkat","prosent"
"2006","06","befolkningen_ellers","73","sysselsatte_innvkat","prosent"
"2006","06","innvandrere","65","sysselsatte_innvkat","prosent"
"2006","07","alle","72","sysselsatte_innvkat","prosent"
"2006","07","befolkningen_ellers","73","sysselsatte_innvkat","prosent"
"2006","07","innvandrere","64","sysselsatte_innvkat","prosent"
"2006","08","alle","72","sysselsatte_innvkat","prosent"
"2006","08","befolkningen_ellers","73","sysselsatte_innvkat","prosent"
"2006","08","innvandrere","65","sysselsatte_innvkat","prosent"
"2006","09","alle","70","sysselsatte_innvkat","prosent"
"2006","09","befolkningen_ellers","74","sysselsatte_innvkat","prosent"
"2006","09","innvandrere","58","sysselsatte_innvkat","prosent"
"2006","10","alle","74","sysselsatte_innvkat","prosent"
"2006","10","befolkningen_ellers","74","sysselsatte_innvkat","prosent"
"2006","10","innvandrere","64","sysselsatte_innvkat","prosent"
"2006","11","alle","65","sysselsatte_innvkat","prosent"
"2006","11","befolkningen_ellers","65","sysselsatte_innvkat","prosent"
"2006","11","innvandrere","56","sysselsatte_innvkat","prosent"
"2006","12","alle","68","sysselsatte_innvkat","prosent"
"2006","12","befolkningen_ellers","68","sysselsatte_innvkat","prosent"
"2006","12","innvandrere","57","sysselsatte_innvkat","prosent"
"2006","13","alle","66","sysselsatte_innvkat","prosent"
"2006","13","befolkningen_ellers","67","sysselsatte_innvkat","prosent"
"2006","13","innvandrere","53","sysselsatte_innvkat","prosent"
"2006","14","alle","68","sysselsatte_innvkat","prosent"
"2006","14","befolkningen_ellers","69","sysselsatte_innvkat","prosent"
"2006","14","innvandrere","54","sysselsatte_innvkat","prosent"
"2006","15","alle","71","sysselsatte_innvkat","prosent"
"2006","15","befolkningen_ellers","71","sysselsatte_innvkat","prosent"
"2006","15","innvandrere","63","sysselsatte_innvkat","prosent"
"2006","16","alle","71","sysselsatte_innvkat","prosent"
"2006","16","befolkningen_ellers","72","sysselsatte_innvkat","prosent"
"2006","16","innvandrere","63","sysselsatte_innvkat","prosent"
"2006","17","alle","70","sysselsatte_innvkat","prosent"
"2006","17","befolkningen_ellers","71","sysselsatte_innvkat","prosent"
"2006","17","innvandrere","57","sysselsatte_innvkat","prosent"
"2006","18","alle","72","sysselsatte_innvkat","prosent"
"2006","18","befolkningen_ellers","72","sysselsatte_innvkat","prosent"
"2006","18","innvandrere","66","sysselsatte_innvkat","prosent"
"2006","19","alle","73","sysselsatte_innvkat","prosent"
"2006","19","befolkningen_ellers","74","sysselsatte_innvkat","prosent"
"2006","19","innvandrere","60","sysselsatte_innvkat","prosent"
"2006","20","alle","69","sysselsatte_innvkat","prosent"
"2006","20","befolkningen_ellers","71","sysselsatte_innvkat","prosent"
"2006","20","innvandrere","59","sysselsatte_innvkat","prosent"
"2006","21","alle","76","sysselsatte_innvkat","prosent"
"2006","21","befolkningen_ellers","77","sysselsatte_innvkat","prosent"
"2006","21","innvandrere","75","sysselsatte_innvkat","prosent"
"2006","22","alle","73","sysselsatte_innvkat","prosent"
"2006","22","befolkningen_ellers","74","sysselsatte_innvkat","prosent"
"2006","22","innvandrere","65","sysselsatte_innvkat","prosent"
"2006","23","alle","71","sysselsatte_innvkat","prosent"
"2006","23","befolkningen_ellers","72","sysselsatte_innvkat","prosent"
"2006","23","innvandrere","58","sysselsatte_innvkat","prosent"
"2006","24","alle","69","sysselsatte_innvkat","prosent"
"2006","24","befolkningen_ellers","70","sysselsatte_innvkat","prosent"
"2006","24","innvandrere","63","sysselsatte_innvkat","prosent"
"2006","25","alle","68","sysselsatte_innvkat","prosent"
"2006","25","befolkningen_ellers","69","sysselsatte_innvkat","prosent"
"2006","25","innvandrere","61","sysselsatte_innvkat","prosent"
"2006","26","alle","66","sysselsatte_innvkat","prosent"
"2006","26","befolkningen_ellers","67","sysselsatte_innvkat","prosent"
"2006","26","innvandrere","57","sysselsatte_innvkat","prosent"
"2006","27","alle","66","sysselsatte_innvkat","prosent"
"2006","27","befolkningen_ellers","67","sysselsatte_innvkat","prosent"
"2006","27","innvandrere","52","sysselsatte_innvkat","prosent"
"2006","28","alle","67","sysselsatte_innvkat","prosent"
"2006","28","befolkningen_ellers","69","sysselsatte_innvkat","prosent"
"2006","28","innvandrere","45","sysselsatte_innvkat","prosent"
"2006","29","alle","68","sysselsatte_innvkat","prosent"
"2006","29","befolkningen_ellers","69","sysselsatte_innvkat","prosent"
"2006","29","innvandrere","63","sysselsatte_innvkat","prosent"
"2006","30","alle","73","sysselsatte_innvkat","prosent"
"2006","30","befolkningen_ellers","73","sysselsatte_innvkat","prosent"
"2006","30","innvandrere","61","sysselsatte_innvkat","prosent"
"2006","31","alle","72","sysselsatte_innvkat","prosent"
"2006","31","befolkningen_ellers","74","sysselsatte_innvkat","prosent"
"2006","31","innvandrere","56","sysselsatte_innvkat","prosent"
"2006","32","alle","66","sysselsatte_innvkat","prosent"
"2006","32","befolkningen_ellers","67","sysselsatte_innvkat","prosent"
"2006","32","innvandrere","54","sysselsatte_innvkat","prosent"
"2006","33","alle","70","sysselsatte_innvkat","prosent"
"2006","33","befolkningen_ellers","71","sysselsatte_innvkat","prosent"
"2006","33","innvandrere","58","sysselsatte_innvkat","prosent"
"2006","34","alle","68","sysselsatte_innvkat","prosent"
"2006","34","befolkningen_ellers","69","sysselsatte_innvkat","prosent"
"2006","34","innvandrere","51","sysselsatte_innvkat","prosent"
"2006","35","alle","68","sysselsatte_innvkat","prosent"
"2006","35","befolkningen_ellers","69","sysselsatte_innvkat","prosent"
"2006","35","innvandrere","57","sysselsatte_innvkat","prosent"
"2006","36","alle","73","sysselsatte_innvkat","prosent"
"2006","36","befolkningen_ellers","73","sysselsatte_innvkat","prosent"
"2006","36","innvandrere","65","sysselsatte_innvkat","prosent"
"2006","37","alle","70","sysselsatte_innvkat","prosent"
"2006","37","befolkningen_ellers","70","sysselsatte_innvkat","prosent"
"2006","37","innvandrere","63","sysselsatte_innvkat","prosent"
"2006","38","alle","74","sysselsatte_innvkat","prosent"
"2006","38","befolkningen_ellers","75","sysselsatte_innvkat","prosent"
"2006","38","innvandrere","68","sysselsatte_innvkat","prosent"
"2006","39","alle","74","sysselsatte_innvkat","prosent"
"2006","39","befolkningen_ellers","75","sysselsatte_innvkat","prosent"
"2006","39","innvandrere","65","sysselsatte_innvkat","prosent"
"2006","40","alle","71","sysselsatte_innvkat","prosent"
"2006","40","befolkningen_ellers","71","sysselsatte_innvkat","prosent"
"2006","40","innvandrere","61","sysselsatte_innvkat","prosent"
"2006","41","alle","73","sysselsatte_innvkat","prosent"
"2006","41","befolkningen_ellers","74","sysselsatte_innvkat","prosent"
"2006","41","innvandrere","68","sysselsatte_innvkat","prosent"
"2006","42","alle","72","sysselsatte_innvkat","prosent"
"2006","42","befolkningen_ellers","72","sysselsatte_innvkat","prosent"
"2006","42","innvandrere","64","sysselsatte_innvkat","prosent"
"2006","43","alle","72","sysselsatte_innvkat","prosent"
"2006","43","befolkningen_ellers","73","sysselsatte_innvkat","prosent"
"2006","43","innvandrere","65","sysselsatte_innvkat","prosent"
"2006","44","alle","72","sysselsatte_innvkat","prosent"
"2006","44","befolkningen_ellers","73","sysselsatte_innvkat","prosent"
"2006","44","innvandrere","66","sysselsatte_innvkat","prosent"
"2006","45","alle","71","sysselsatte_innvkat","prosent"
"2006","45","befolkningen_ellers","72","sysselsatte_innvkat","prosent"
"2006","45","innvandrere","66","sysselsatte_innvkat","prosent"
"2006","46","alle","71","sysselsatte_innvkat","prosent"
"2006","46","befolkningen_ellers","72","sysselsatte_innvkat","prosent"
"2006","46","innvandrere","65","sysselsatte_innvkat","prosent"
"2006","47","alle","72","sysselsatte_innvkat","prosent"
"2006","47","befolkningen_ellers","72","sysselsatte_innvkat","prosent"
"2006","47","innvandrere","61","sysselsatte_innvkat","prosent"
"2006","48","alle","72","sysselsatte_innvkat","prosent"
"2006","48","befolkningen_ellers","72","sysselsatte_innvkat","prosent"
"2006","48","innvandrere","73","sysselsatte_innvkat","prosent"
"2006","49","alle","73","sysselsatte_innvkat","prosent"
"2006","49","befolkningen_ellers","74","sysselsatte_innvkat","prosent"
"2006","49","innvandrere","69","sysselsatte_innvkat","prosent"
"2006","50","alle","73","sysselsatte_innvkat","prosent"
"2006","50","befolkningen_ellers","73","sysselsatte_innvkat","prosent"
"2006","50","innvandrere","70","sysselsatte_innvkat","prosent"
"2006","51","alle","75","sysselsatte_innvkat","prosent"
"2006","51","befolkningen_ellers","76","sysselsatte_innvkat","prosent"
"2006","51","innvandrere","64","sysselsatte_innvkat","prosent"
"2006","52","alle","69","sysselsatte_innvkat","prosent"
"2006","52","befolkningen_ellers","70","sysselsatte_innvkat","prosent"
"2006","52","innvandrere","58","sysselsatte_innvkat","prosent"
"2006","53","alle","72","sysselsatte_innvkat","prosent"
"2006","53","befolkningen_ellers","73","sysselsatte_innvkat","prosent"
"2006","53","innvandrere","67","sysselsatte_innvkat","prosent"
"2006","54","alle","77","sysselsatte_innvkat","prosent"
"2006","54","befolkningen_ellers","77","sysselsatte_innvkat","prosent"
"2006","54","innvandrere","76","sysselsatte_innvkat","prosent"
"2006","55","alle","71","sysselsatte_innvkat","prosent"
"2006","55","befolkningen_ellers","71","sysselsatte_innvkat","prosent"
"2006","55","innvandrere","59","sysselsatte_innvkat","prosent"
"2006","56","alle","73","sysselsatte_innvkat","prosent"
"2006","56","befolkningen_ellers","73","sysselsatte_innvkat","prosent"
"2006","56","innvandrere","67","sysselsatte_innvkat","prosent"
"2006","57","alle","68","sysselsatte_innvkat","prosent"
"2006","57","befolkningen_ellers","69","sysselsatte_innvkat","prosent"
"2006","57","innvandrere","61","sysselsatte_innvkat","prosent"
"2006","58","alle","69","sysselsatte_innvkat","prosent"
"2006","58","befolkningen_ellers","69","sysselsatte_innvkat","prosent"
"2006","58","innvandrere","79","sysselsatte_innvkat","prosent"
"2006","59","alle","72","sysselsatte_innvkat","prosent"
"2006","59","befolkningen_ellers","73","sysselsatte_innvkat","prosent"
"2006","59","innvandrere","66","sysselsatte_innvkat","prosent"
"2006","60","alle","69","sysselsatte_innvkat","prosent"
"2006","60","befolkningen_ellers","70","sysselsatte_innvkat","prosent"
"2006","60","innvandrere","58","sysselsatte_innvkat","prosent"
"2006","61","alle","71","sysselsatte_innvkat","prosent"
"2006","61","befolkningen_ellers","72","sysselsatte_innvkat","prosent"
"2006","61","innvandrere","59","sysselsatte_innvkat","prosent"
"2006","62","alle","75","sysselsatte_innvkat","prosent"
"2006","62","befolkningen_ellers","74","sysselsatte_innvkat","prosent"
"2006","62","innvandrere","79","sysselsatte_innvkat","prosent"
"2006","63","alle","70","sysselsatte_innvkat","prosent"
"2006","63","befolkningen_ellers","71","sysselsatte_innvkat","prosent"
"2006","63","innvandrere","54","sysselsatte_innvkat","prosent"
"2006","64","alle","68","sysselsatte_innvkat","prosent"
"2006","64","befolkningen_ellers","68","sysselsatte_innvkat","prosent"
"2006","64","innvandrere","52","sysselsatte_innvkat","prosent"
"2006","65","alle","72","sysselsatte_innvkat","prosent"
"2006","65","befolkningen_ellers","72","sysselsatte_innvkat","prosent"
"2006","65","innvandrere","64","sysselsatte_innvkat","prosent"
"2006","66","alle","69","sysselsatte_innvkat","prosent"
"2006","66","befolkningen_ellers","69","sysselsatte_innvkat","prosent"
"2006","66","innvandrere","61","sysselsatte_innvkat","prosent"
"2006","67","alle","70","sysselsatte_innvkat","prosent"
"2006","67","befolkningen_ellers","70","sysselsatte_innvkat","prosent"
"2006","67","innvandrere","58","sysselsatte_innvkat","prosent"
"2006","68","alle","68","sysselsatte_innvkat","prosent"
"2006","68","befolkningen_ellers","68","sysselsatte_innvkat","prosent"
"2006","68","innvandrere","59","sysselsatte_innvkat","prosent"
"2006","69","alle","66","sysselsatte_innvkat","prosent"
"2006","69","befolkningen_ellers","67","sysselsatte_innvkat","prosent"
"2006","69","innvandrere","55","sysselsatte_innvkat","prosent"
"2006","70","alle","68","sysselsatte_innvkat","prosent"
"2006","70","befolkningen_ellers","68","sysselsatte_innvkat","prosent"
"2006","70","innvandrere","77","sysselsatte_innvkat","prosent"
"2006","71","alle","66","sysselsatte_innvkat","prosent"
"2006","71","befolkningen_ellers","68","sysselsatte_innvkat","prosent"
"2006","71","innvandrere","34","sysselsatte_innvkat","prosent"
"2006","72","alle","65","sysselsatte_innvkat","prosent"
"2006","72","befolkningen_ellers","65","sysselsatte_innvkat","prosent"
"2006","72","innvandrere","57","sysselsatte_innvkat","prosent"
"2006","73","alle","70","sysselsatte_innvkat","prosent"
"2006","73","befolkningen_ellers","70","sysselsatte_innvkat","prosent"
"2006","73","innvandrere","60","sysselsatte_innvkat","prosent"
"2006","74","alle","63","sysselsatte_innvkat","prosent"
"2006","74","befolkningen_ellers","64","sysselsatte_innvkat","prosent"
"2006","74","innvandrere","55","sysselsatte_innvkat","prosent"
"2006","75","alle","66","sysselsatte_innvkat","prosent"
"2006","75","befolkningen_ellers","67","sysselsatte_innvkat","prosent"
"2006","75","innvandrere","54","sysselsatte_innvkat","prosent"
"2006","76","alle","67","sysselsatte_innvkat","prosent"
"2006","76","befolkningen_ellers","67","sysselsatte_innvkat","prosent"
"2006","76","innvandrere","64","sysselsatte_innvkat","prosent"
"2006","77","alle","66","sysselsatte_innvkat","prosent"
"2006","77","befolkningen_ellers","67","sysselsatte_innvkat","prosent"
"2006","77","innvandrere","58","sysselsatte_innvkat","prosent"
"2006","78","alle","68","sysselsatte_innvkat","prosent"
"2006","78","befolkningen_ellers","69","sysselsatte_innvkat","prosent"
"2006","78","innvandrere","64","sysselsatte_innvkat","prosent"
"2006","79","alle","73","sysselsatte_innvkat","prosent"
"2006","79","befolkningen_ellers","73","sysselsatte_innvkat","prosent"
"2006","79","innvandrere","69","sysselsatte_innvkat","prosent"
"2006","80","alle","66","sysselsatte_innvkat","prosent"
"2006","80","befolkningen_ellers","66","sysselsatte_innvkat","prosent"
"2006","80","innvandrere","64","sysselsatte_innvkat","prosent"
"2006","81","alle","70","sysselsatte_innvkat","prosent"
"2006","81","befolkningen_ellers","70","sysselsatte_innvkat","prosent"
"2006","81","innvandrere","75","sysselsatte_innvkat","prosent"
"2006","82","alle","67","sysselsatte_innvkat","prosent"
"2006","82","befolkningen_ellers","67","sysselsatte_innvkat","prosent"
"2006","82","innvandrere","70","sysselsatte_innvkat","prosent"
"2006","83","alle","67","sysselsatte_innvkat","prosent"
"2006","83","befolkningen_ellers","67","sysselsatte_innvkat","prosent"
"2006","83","innvandrere","64","sysselsatte_innvkat","prosent"
"2007","01","alle","66","sysselsatte_innvkat","prosent"
"2007","01","befolkningen_ellers","67","sysselsatte_innvkat","prosent"
"2007","01","innvandrere","52","sysselsatte_innvkat","prosent"
"2007","02","alle","70","sysselsatte_innvkat","prosent"
"2007","02","befolkningen_ellers","71","sysselsatte_innvkat","prosent"
"2007","02","innvandrere","59","sysselsatte_innvkat","prosent"
"2007","03","alle","69","sysselsatte_innvkat","prosent"
"2007","03","befolkningen_ellers","70","sysselsatte_innvkat","prosent"
"2007","03","innvandrere","60","sysselsatte_innvkat","prosent"
"2007","04","alle","67","sysselsatte_innvkat","prosent"
"2007","04","befolkningen_ellers","68","sysselsatte_innvkat","prosent"
"2007","04","innvandrere","55","sysselsatte_innvkat","prosent"
"2007","05","alle","74","sysselsatte_innvkat","prosent"
"2007","05","befolkningen_ellers","75","sysselsatte_innvkat","prosent"
"2007","05","innvandrere","67","sysselsatte_innvkat","prosent"
"2007","06","alle","73","sysselsatte_innvkat","prosent"
"2007","06","befolkningen_ellers","74","sysselsatte_innvkat","prosent"
"2007","06","innvandrere","67","sysselsatte_innvkat","prosent"
"2007","07","alle","74","sysselsatte_innvkat","prosent"
"2007","07","befolkningen_ellers","75","sysselsatte_innvkat","prosent"
"2007","07","innvandrere","66","sysselsatte_innvkat","prosent"
"2007","08","alle","73","sysselsatte_innvkat","prosent"
"2007","08","befolkningen_ellers","74","sysselsatte_innvkat","prosent"
"2007","08","innvandrere","68","sysselsatte_innvkat","prosent"
"2007","09","alle","72","sysselsatte_innvkat","prosent"
"2007","09","befolkningen_ellers","75","sysselsatte_innvkat","prosent"
"2007","09","innvandrere","61","sysselsatte_innvkat","prosent"
"2007","10","alle","76","sysselsatte_innvkat","prosent"
"2007","10","befolkningen_ellers","77","sysselsatte_innvkat","prosent"
"2007","10","innvandrere","69","sysselsatte_innvkat","prosent"
"2007","11","alle","65","sysselsatte_innvkat","prosent"
"2007","11","befolkningen_ellers","66","sysselsatte_innvkat","prosent"
"2007","11","innvandrere","58","sysselsatte_innvkat","prosent"
"2007","12","alle","69","sysselsatte_innvkat","prosent"
"2007","12","befolkningen_ellers","70","sysselsatte_innvkat","prosent"
"2007","12","innvandrere","61","sysselsatte_innvkat","prosent"
"2007","13","alle","68","sysselsatte_innvkat","prosent"
"2007","13","befolkningen_ellers","68","sysselsatte_innvkat","prosent"
"2007","13","innvandrere","55","sysselsatte_innvkat","prosent"
"2007","14","alle","69","sysselsatte_innvkat","prosent"
"2007","14","befolkningen_ellers","70","sysselsatte_innvkat","prosent"
"2007","14","innvandrere","58","sysselsatte_innvkat","prosent"
"2007","15","alle","72","sysselsatte_innvkat","prosent"
"2007","15","befolkningen_ellers","72","sysselsatte_innvkat","prosent"
"2007","15","innvandrere","66","sysselsatte_innvkat","prosent"
"2007","16","alle","72","sysselsatte_innvkat","prosent"
"2007","16","befolkningen_ellers","73","sysselsatte_innvkat","prosent"
"2007","16","innvandrere","64","sysselsatte_innvkat","prosent"
"2007","17","alle","71","sysselsatte_innvkat","prosent"
"2007","17","befolkningen_ellers","72","sysselsatte_innvkat","prosent"
"2007","17","innvandrere","59","sysselsatte_innvkat","prosent"
"2007","18","alle","73","sysselsatte_innvkat","prosent"
"2007","18","befolkningen_ellers","73","sysselsatte_innvkat","prosent"
"2007","18","innvandrere","61","sysselsatte_innvkat","prosent"
"2007","19","alle","75","sysselsatte_innvkat","prosent"
"2007","19","befolkningen_ellers","76","sysselsatte_innvkat","prosent"
"2007","19","innvandrere","64","sysselsatte_innvkat","prosent"
"2007","20","alle","71","sysselsatte_innvkat","prosent"
"2007","20","befolkningen_ellers","72","sysselsatte_innvkat","prosent"
"2007","20","innvandrere","63","sysselsatte_innvkat","prosent"
"2007","21","alle","78","sysselsatte_innvkat","prosent"
"2007","21","befolkningen_ellers","78","sysselsatte_innvkat","prosent"
"2007","21","innvandrere","77","sysselsatte_innvkat","prosent"
"2007","22","alle","75","sysselsatte_innvkat","prosent"
"2007","22","befolkningen_ellers","75","sysselsatte_innvkat","prosent"
"2007","22","innvandrere","68","sysselsatte_innvkat","prosent"
"2007","23","alle","72","sysselsatte_innvkat","prosent"
"2007","23","befolkningen_ellers","73","sysselsatte_innvkat","prosent"
"2007","23","innvandrere","61","sysselsatte_innvkat","prosent"
"2007","24","alle","71","sysselsatte_innvkat","prosent"
"2007","24","befolkningen_ellers","71","sysselsatte_innvkat","prosent"
"2007","24","innvandrere","64","sysselsatte_innvkat","prosent"
"2007","25","alle","70","sysselsatte_innvkat","prosent"
"2007","25","befolkningen_ellers","70","sysselsatte_innvkat","prosent"
"2007","25","innvandrere","65","sysselsatte_innvkat","prosent"
"2007","26","alle","69","sysselsatte_innvkat","prosent"
"2007","26","befolkningen_ellers","69","sysselsatte_innvkat","prosent"
"2007","26","innvandrere","62","sysselsatte_innvkat","prosent"
"2007","27","alle","68","sysselsatte_innvkat","prosent"
"2007","27","befolkningen_ellers","69","sysselsatte_innvkat","prosent"
"2007","27","innvandrere","56","sysselsatte_innvkat","prosent"
"2007","28","alle","67","sysselsatte_innvkat","prosent"
"2007","28","befolkningen_ellers","68","sysselsatte_innvkat","prosent"
"2007","28","innvandrere","51","sysselsatte_innvkat","prosent"
"2007","29","alle","69","sysselsatte_innvkat","prosent"
"2007","29","befolkningen_ellers","70","sysselsatte_innvkat","prosent"
"2007","29","innvandrere","65","sysselsatte_innvkat","prosent"
"2007","30","alle","73","sysselsatte_innvkat","prosent"
"2007","30","befolkningen_ellers","74","sysselsatte_innvkat","prosent"
"2007","30","innvandrere","66","sysselsatte_innvkat","prosent"
"2007","31","alle","74","sysselsatte_innvkat","prosent"
"2007","31","befolkningen_ellers","75","sysselsatte_innvkat","prosent"
"2007","31","innvandrere","64","sysselsatte_innvkat","prosent"
"2007","32","alle","68","sysselsatte_innvkat","prosent"
"2007","32","befolkningen_ellers","69","sysselsatte_innvkat","prosent"
"2007","32","innvandrere","59","sysselsatte_innvkat","prosent"
"2007","33","alle","72","sysselsatte_innvkat","prosent"
"2007","33","befolkningen_ellers","72","sysselsatte_innvkat","prosent"
"2007","33","innvandrere","61","sysselsatte_innvkat","prosent"
"2007","34","alle","70","sysselsatte_innvkat","prosent"
"2007","34","befolkningen_ellers","71","sysselsatte_innvkat","prosent"
"2007","34","innvandrere","56","sysselsatte_innvkat","prosent"
"2007","35","alle","70","sysselsatte_innvkat","prosent"
"2007","35","befolkningen_ellers","71","sysselsatte_innvkat","prosent"
"2007","35","innvandrere","61","sysselsatte_innvkat","prosent"
"2007","36","alle","75","sysselsatte_innvkat","prosent"
"2007","36","befolkningen_ellers","75","sysselsatte_innvkat","prosent"
"2007","36","innvandrere","69","sysselsatte_innvkat","prosent"
"2007","37","alle","72","sysselsatte_innvkat","prosent"
"2007","37","befolkningen_ellers","72","sysselsatte_innvkat","prosent"
"2007","37","innvandrere","67","sysselsatte_innvkat","prosent"
"2007","38","alle","77","sysselsatte_innvkat","prosent"
"2007","38","befolkningen_ellers","78","sysselsatte_innvkat","prosent"
"2007","38","innvandrere","74","sysselsatte_innvkat","prosent"
"2007","39","alle","75","sysselsatte_innvkat","prosent"
"2007","39","befolkningen_ellers","76","sysselsatte_innvkat","prosent"
"2007","39","innvandrere","68","sysselsatte_innvkat","prosent"
"2007","40","alle","72","sysselsatte_innvkat","prosent"
"2007","40","befolkningen_ellers","73","sysselsatte_innvkat","prosent"
"2007","40","innvandrere","64","sysselsatte_innvkat","prosent"
"2007","41","alle","75","sysselsatte_innvkat","prosent"
"2007","41","befolkningen_ellers","75","sysselsatte_innvkat","prosent"
"2007","41","innvandrere","71","sysselsatte_innvkat","prosent"
"2007","42","alle","74","sysselsatte_innvkat","prosent"
"2007","42","befolkningen_ellers","74","sysselsatte_innvkat","prosent"
"2007","42","innvandrere","70","sysselsatte_innvkat","prosent"
"2007","43","alle","73","sysselsatte_innvkat","prosent"
"2007","43","befolkningen_ellers","74","sysselsatte_innvkat","prosent"
"2007","43","innvandrere","65","sysselsatte_innvkat","prosent"
"2007","44","alle","74","sysselsatte_innvkat","prosent"
"2007","44","befolkningen_ellers","74","sysselsatte_innvkat","prosent"
"2007","44","innvandrere","73","sysselsatte_innvkat","prosent"
"2007","45","alle","72","sysselsatte_innvkat","prosent"
"2007","45","befolkningen_ellers","72","sysselsatte_innvkat","prosent"
"2007","45","innvandrere","72","sysselsatte_innvkat","prosent"
"2007","46","alle","73","sysselsatte_innvkat","prosent"
"2007","46","befolkningen_ellers","74","sysselsatte_innvkat","prosent"
"2007","46","innvandrere","68","sysselsatte_innvkat","prosent"
"2007","47","alle","73","sysselsatte_innvkat","prosent"
"2007","47","befolkningen_ellers","73","sysselsatte_innvkat","prosent"
"2007","47","innvandrere","67","sysselsatte_innvkat","prosent"
"2007","48","alle","73","sysselsatte_innvkat","prosent"
"2007","48","befolkningen_ellers","73","sysselsatte_innvkat","prosent"
"2007","48","innvandrere","75","sysselsatte_innvkat","prosent"
"2007","49","alle","75","sysselsatte_innvkat","prosent"
"2007","49","befolkningen_ellers","75","sysselsatte_innvkat","prosent"
"2007","49","innvandrere","73","sysselsatte_innvkat","prosent"
"2007","50","alle","75","sysselsatte_innvkat","prosent"
"2007","50","befolkningen_ellers","75","sysselsatte_innvkat","prosent"
"2007","50","innvandrere","76","sysselsatte_innvkat","prosent"
"2007","51","alle","77","sysselsatte_innvkat","prosent"
"2007","51","befolkningen_ellers","78","sysselsatte_innvkat","prosent"
"2007","51","innvandrere","67","sysselsatte_innvkat","prosent"
"2007","52","alle","71","sysselsatte_innvkat","prosent"
"2007","52","befolkningen_ellers","72","sysselsatte_innvkat","prosent"
"2007","52","innvandrere","63","sysselsatte_innvkat","prosent"
"2007","53","alle","74","sysselsatte_innvkat","prosent"
"2007","53","befolkningen_ellers","74","sysselsatte_innvkat","prosent"
"2007","53","innvandrere","72","sysselsatte_innvkat","prosent"
"2007","54","alle","78","sysselsatte_innvkat","prosent"
"2007","54","befolkningen_ellers","78","sysselsatte_innvkat","prosent"
"2007","54","innvandrere","79","sysselsatte_innvkat","prosent"
"2007","55","alle","73","sysselsatte_innvkat","prosent"
"2007","55","befolkningen_ellers","74","sysselsatte_innvkat","prosent"
"2007","55","innvandrere","64","sysselsatte_innvkat","prosent"
"2007","56","alle","75","sysselsatte_innvkat","prosent"
"2007","56","befolkningen_ellers","75","sysselsatte_innvkat","prosent"
"2007","56","innvandrere","72","sysselsatte_innvkat","prosent"
"2007","57","alle","70","sysselsatte_innvkat","prosent"
"2007","57","befolkningen_ellers","70","sysselsatte_innvkat","prosent"
"2007","57","innvandrere","64","sysselsatte_innvkat","prosent"
"2007","58","alle","72","sysselsatte_innvkat","prosent"
"2007","58","befolkningen_ellers","71","sysselsatte_innvkat","prosent"
"2007","58","innvandrere","81","sysselsatte_innvkat","prosent"
"2007","59","alle","75","sysselsatte_innvkat","prosent"
"2007","59","befolkningen_ellers","75","sysselsatte_innvkat","prosent"
"2007","59","innvandrere","67","sysselsatte_innvkat","prosent"
"2007","60","alle","71","sysselsatte_innvkat","prosent"
"2007","60","befolkningen_ellers","71","sysselsatte_innvkat","prosent"
"2007","60","innvandrere","62","sysselsatte_innvkat","prosent"
"2007","61","alle","72","sysselsatte_innvkat","prosent"
"2007","61","befolkningen_ellers","73","sysselsatte_innvkat","prosent"
"2007","61","innvandrere","62","sysselsatte_innvkat","prosent"
"2007","62","alle","76","sysselsatte_innvkat","prosent"
"2007","62","befolkningen_ellers","76","sysselsatte_innvkat","prosent"
"2007","62","innvandrere","80","sysselsatte_innvkat","prosent"
"2007","63","alle","72","sysselsatte_innvkat","prosent"
"2007","63","befolkningen_ellers","72","sysselsatte_innvkat","prosent"
"2007","63","innvandrere","58","sysselsatte_innvkat","prosent"
"2007","64","alle","70","sysselsatte_innvkat","prosent"
"2007","64","befolkningen_ellers","70","sysselsatte_innvkat","prosent"
"2007","64","innvandrere","60","sysselsatte_innvkat","prosent"
"2007","65","alle","75","sysselsatte_innvkat","prosent"
"2007","65","befolkningen_ellers","75","sysselsatte_innvkat","prosent"
"2007","65","innvandrere","70","sysselsatte_innvkat","prosent"
"2007","66","alle","70","sysselsatte_innvkat","prosent"
"2007","66","befolkningen_ellers","71","sysselsatte_innvkat","prosent"
"2007","66","innvandrere","66","sysselsatte_innvkat","prosent"
"2007","67","alle","73","sysselsatte_innvkat","prosent"
"2007","67","befolkningen_ellers","74","sysselsatte_innvkat","prosent"
"2007","67","innvandrere","61","sysselsatte_innvkat","prosent"
"2007","68","alle","69","sysselsatte_innvkat","prosent"
"2007","68","befolkningen_ellers","69","sysselsatte_innvkat","prosent"
"2007","68","innvandrere","61","sysselsatte_innvkat","prosent"
"2007","69","alle","68","sysselsatte_innvkat","prosent"
"2007","69","befolkningen_ellers","68","sysselsatte_innvkat","prosent"
"2007","69","innvandrere","58","sysselsatte_innvkat","prosent"
"2007","70","alle","71","sysselsatte_innvkat","prosent"
"2007","70","befolkningen_ellers","70","sysselsatte_innvkat","prosent"
"2007","70","innvandrere","83","sysselsatte_innvkat","prosent"
"2007","71","alle","69","sysselsatte_innvkat","prosent"
"2007","71","befolkningen_ellers","70","sysselsatte_innvkat","prosent"
"2007","71","innvandrere","52","sysselsatte_innvkat","prosent"
"2007","72","alle","68","sysselsatte_innvkat","prosent"
"2007","72","befolkningen_ellers","68","sysselsatte_innvkat","prosent"
"2007","72","innvandrere","63","sysselsatte_innvkat","prosent"
"2007","73","alle","72","sysselsatte_innvkat","prosent"
"2007","73","befolkningen_ellers","72","sysselsatte_innvkat","prosent"
"2007","73","innvandrere","62","sysselsatte_innvkat","prosent"
"2007","74","alle","66","sysselsatte_innvkat","prosent"
"2007","74","befolkningen_ellers","67","sysselsatte_innvkat","prosent"
"2007","74","innvandrere","60","sysselsatte_innvkat","prosent"
"2007","75","alle","69","sysselsatte_innvkat","prosent"
"2007","75","befolkningen_ellers","69","sysselsatte_innvkat","prosent"
"2007","75","innvandrere","63","sysselsatte_innvkat","prosent"
"2007","76","alle","69","sysselsatte_innvkat","prosent"
"2007","76","befolkningen_ellers","69","sysselsatte_innvkat","prosent"
"2007","76","innvandrere","64","sysselsatte_innvkat","prosent"
"2007","77","alle","69","sysselsatte_innvkat","prosent"
"2007","77","befolkningen_ellers","69","sysselsatte_innvkat","prosent"
"2007","77","innvandrere","61","sysselsatte_innvkat","prosent"
"2007","78","alle","70","sysselsatte_innvkat","prosent"
"2007","78","befolkningen_ellers","71","sysselsatte_innvkat","prosent"
"2007","78","innvandrere","64","sysselsatte_innvkat","prosent"
"2007","79","alle","73","sysselsatte_innvkat","prosent"
"2007","79","befolkningen_ellers","74","sysselsatte_innvkat","prosent"
"2007","79","innvandrere","71","sysselsatte_innvkat","prosent"
"2007","80","alle","68","sysselsatte_innvkat","prosent"
"2007","80","befolkningen_ellers","68","sysselsatte_innvkat","prosent"
"2007","80","innvandrere","65","sysselsatte_innvkat","prosent"
"2007","81","alle","72","sysselsatte_innvkat","prosent"
"2007","81","befolkningen_ellers","72","sysselsatte_innvkat","prosent"
"2007","81","innvandrere","75","sysselsatte_innvkat","prosent"
"2007","82","alle","68","sysselsatte_innvkat","prosent"
"2007","82","befolkningen_ellers","68","sysselsatte_innvkat","prosent"
"2007","82","innvandrere","71","sysselsatte_innvkat","prosent"
"2007","83","alle","69","sysselsatte_innvkat","prosent"
"2007","83","befolkningen_ellers","69","sysselsatte_innvkat","prosent"
"2007","83","innvandrere","67","sysselsatte_innvkat","prosent"
"2008","01","alle","66","sysselsatte_innvkat","prosent"
"2008","01","befolkningen_ellers","67","sysselsatte_innvkat","prosent"
"2008","01","innvandrere","54","sysselsatte_innvkat","prosent"
"2008","02","alle","71","sysselsatte_innvkat","prosent"
"2008","02","befolkningen_ellers","72","sysselsatte_innvkat","prosent"
"2008","02","innvandrere","61","sysselsatte_innvkat","prosent"
"2008","03","alle","68","sysselsatte_innvkat","prosent"
"2008","03","befolkningen_ellers","69","sysselsatte_innvkat","prosent"
"2008","03","innvandrere","61","sysselsatte_innvkat","prosent"
"2008","04","alle","67","sysselsatte_innvkat","prosent"
"2008","04","befolkningen_ellers","68","sysselsatte_innvkat","prosent"
"2008","04","innvandrere","57","sysselsatte_innvkat","prosent"
"2008","05","alle","73","sysselsatte_innvkat","prosent"
"2008","05","befolkningen_ellers","75","sysselsatte_innvkat","prosent"
"2008","05","innvandrere","67","sysselsatte_innvkat","prosent"
"2008","06","alle","73","sysselsatte_innvkat","prosent"
"2008","06","befolkningen_ellers","74","sysselsatte_innvkat","prosent"
"2008","06","innvandrere","68","sysselsatte_innvkat","prosent"
"2008","07","alle","73","sysselsatte_innvkat","prosent"
"2008","07","befolkningen_ellers","74","sysselsatte_innvkat","prosent"
"2008","07","innvandrere","66","sysselsatte_innvkat","prosent"
"2008","08","alle","74","sysselsatte_innvkat","prosent"
"2008","08","befolkningen_ellers","74","sysselsatte_innvkat","prosent"
"2008","08","innvandrere","70","sysselsatte_innvkat","prosent"
"2008","09","alle","72","sysselsatte_innvkat","prosent"
"2008","09","befolkningen_ellers","75","sysselsatte_innvkat","prosent"
"2008","09","innvandrere","61","sysselsatte_innvkat","prosent"
"2008","10","alle","75","sysselsatte_innvkat","prosent"
"2008","10","befolkningen_ellers","76","sysselsatte_innvkat","prosent"
"2008","10","innvandrere","68","sysselsatte_innvkat","prosent"
"2008","11","alle","66","sysselsatte_innvkat","prosent"
"2008","11","befolkningen_ellers","66","sysselsatte_innvkat","prosent"
"2008","11","innvandrere","60","sysselsatte_innvkat","prosent"
"2008","12","alle","69","sysselsatte_innvkat","prosent"
"2008","12","befolkningen_ellers","69","sysselsatte_innvkat","prosent"
"2008","12","innvandrere","61","sysselsatte_innvkat","prosent"
"2008","13","alle","68","sysselsatte_innvkat","prosent"
"2008","13","befolkningen_ellers","69","sysselsatte_innvkat","prosent"
"2008","13","innvandrere","57","sysselsatte_innvkat","prosent"
"2008","14","alle","69","sysselsatte_innvkat","prosent"
"2008","14","befolkningen_ellers","70","sysselsatte_innvkat","prosent"
"2008","14","innvandrere","59","sysselsatte_innvkat","prosent"
"2008","15","alle","71","sysselsatte_innvkat","prosent"
"2008","15","befolkningen_ellers","72","sysselsatte_innvkat","prosent"
"2008","15","innvandrere","64","sysselsatte_innvkat","prosent"
"2008","16","alle","72","sysselsatte_innvkat","prosent"
"2008","16","befolkningen_ellers","72","sysselsatte_innvkat","prosent"
"2008","16","innvandrere","66","sysselsatte_innvkat","prosent"
"2008","17","alle","72","sysselsatte_innvkat","prosent"
"2008","17","befolkningen_ellers","72","sysselsatte_innvkat","prosent"
"2008","17","innvandrere","64","sysselsatte_innvkat","prosent"
"2008","18","alle","72","sysselsatte_innvkat","prosent"
"2008","18","befolkningen_ellers","73","sysselsatte_innvkat","prosent"
"2008","18","innvandrere","66","sysselsatte_innvkat","prosent"
"2008","19","alle","74","sysselsatte_innvkat","prosent"
"2008","19","befolkningen_ellers","75","sysselsatte_innvkat","prosent"
"2008","19","innvandrere","66","sysselsatte_innvkat","prosent"
"2008","20","alle","71","sysselsatte_innvkat","prosent"
"2008","20","befolkningen_ellers","72","sysselsatte_innvkat","prosent"
"2008","20","innvandrere","63","sysselsatte_innvkat","prosent"
"2008","21","alle","78","sysselsatte_innvkat","prosent"
"2008","21","befolkningen_ellers","78","sysselsatte_innvkat","prosent"
"2008","21","innvandrere","78","sysselsatte_innvkat","prosent"
"2008","22","alle","75","sysselsatte_innvkat","prosent"
"2008","22","befolkningen_ellers","75","sysselsatte_innvkat","prosent"
"2008","22","innvandrere","74","sysselsatte_innvkat","prosent"
"2008","23","alle","72","sysselsatte_innvkat","prosent"
"2008","23","befolkningen_ellers","73","sysselsatte_innvkat","prosent"
"2008","23","innvandrere","62","sysselsatte_innvkat","prosent"
"2008","24","alle","71","sysselsatte_innvkat","prosent"
"2008","24","befolkningen_ellers","71","sysselsatte_innvkat","prosent"
"2008","24","innvandrere","67","sysselsatte_innvkat","prosent"
"2008","25","alle","69","sysselsatte_innvkat","prosent"
"2008","25","befolkningen_ellers","70","sysselsatte_innvkat","prosent"
"2008","25","innvandrere","64","sysselsatte_innvkat","prosent"
"2008","26","alle","69","sysselsatte_innvkat","prosent"
"2008","26","befolkningen_ellers","69","sysselsatte_innvkat","prosent"
"2008","26","innvandrere","62","sysselsatte_innvkat","prosent"
"2008","27","alle","68","sysselsatte_innvkat","prosent"
"2008","27","befolkningen_ellers","69","sysselsatte_innvkat","prosent"
"2008","27","innvandrere","58","sysselsatte_innvkat","prosent"
"2008","28","alle","68","sysselsatte_innvkat","prosent"
"2008","28","befolkningen_ellers","69","sysselsatte_innvkat","prosent"
"2008","28","innvandrere","52","sysselsatte_innvkat","prosent"
"2008","29","alle","70","sysselsatte_innvkat","prosent"
"2008","29","befolkningen_ellers","70","sysselsatte_innvkat","prosent"
"2008","29","innvandrere","66","sysselsatte_innvkat","prosent"
"2008","30","alle","74","sysselsatte_innvkat","prosent"
"2008","30","befolkningen_ellers","74","sysselsatte_innvkat","prosent"
"2008","30","innvandrere","72","sysselsatte_innvkat","prosent"
"2008","31","alle","74","sysselsatte_innvkat","prosent"
"2008","31","befolkningen_ellers","75","sysselsatte_innvkat","prosent"
"2008","31","innvandrere","64","sysselsatte_innvkat","prosent"
"2008","32","alle","68","sysselsatte_innvkat","prosent"
"2008","32","befolkningen_ellers","69","sysselsatte_innvkat","prosent"
"2008","32","innvandrere","61","sysselsatte_innvkat","prosent"
"2008","33","alle","71","sysselsatte_innvkat","prosent"
"2008","33","befolkningen_ellers","72","sysselsatte_innvkat","prosent"
"2008","33","innvandrere","63","sysselsatte_innvkat","prosent"
"2008","34","alle","71","sysselsatte_innvkat","prosent"
"2008","34","befolkningen_ellers","72","sysselsatte_innvkat","prosent"
"2008","34","innvandrere","59","sysselsatte_innvkat","prosent"
"2008","35","alle","71","sysselsatte_innvkat","prosent"
"2008","35","befolkningen_ellers","71","sysselsatte_innvkat","prosent"
"2008","35","innvandrere","63","sysselsatte_innvkat","prosent"
"2008","36","alle","75","sysselsatte_innvkat","prosent"
"2008","36","befolkningen_ellers","75","sysselsatte_innvkat","prosent"
"2008","36","innvandrere","71","sysselsatte_innvkat","prosent"
"2008","37","alle","72","sysselsatte_innvkat","prosent"
"2008","37","befolkningen_ellers","72","sysselsatte_innvkat","prosent"
"2008","37","innvandrere","67","sysselsatte_innvkat","prosent"
"2008","38","alle","77","sysselsatte_innvkat","prosent"
"2008","38","befolkningen_ellers","77","sysselsatte_innvkat","prosent"
"2008","38","innvandrere","75","sysselsatte_innvkat","prosent"
"2008","39","alle","76","sysselsatte_innvkat","prosent"
"2008","39","befolkningen_ellers","77","sysselsatte_innvkat","prosent"
"2008","39","innvandrere","70","sysselsatte_innvkat","prosent"
"2008","40","alle","72","sysselsatte_innvkat","prosent"
"2008","40","befolkningen_ellers","73","sysselsatte_innvkat","prosent"
"2008","40","innvandrere","65","sysselsatte_innvkat","prosent"
"2008","41","alle","75","sysselsatte_innvkat","prosent"
"2008","41","befolkningen_ellers","75","sysselsatte_innvkat","prosent"
"2008","41","innvandrere","69","sysselsatte_innvkat","prosent"
"2008","42","alle","73","sysselsatte_innvkat","prosent"
"2008","42","befolkningen_ellers","73","sysselsatte_innvkat","prosent"
"2008","42","innvandrere","73","sysselsatte_innvkat","prosent"
"2008","43","alle","74","sysselsatte_innvkat","prosent"
"2008","43","befolkningen_ellers","74","sysselsatte_innvkat","prosent"
"2008","43","innvandrere","64","sysselsatte_innvkat","prosent"
"2008","44","alle","74","sysselsatte_innvkat","prosent"
"2008","44","befolkningen_ellers","74","sysselsatte_innvkat","prosent"
"2008","44","innvandrere","71","sysselsatte_innvkat","prosent"
"2008","45","alle","72","sysselsatte_innvkat","prosent"
"2008","45","befolkningen_ellers","72","sysselsatte_innvkat","prosent"
"2008","45","innvandrere","73","sysselsatte_innvkat","prosent"
"2008","46","alle","74","sysselsatte_innvkat","prosent"
"2008","46","befolkningen_ellers","74","sysselsatte_innvkat","prosent"
"2008","46","innvandrere","72","sysselsatte_innvkat","prosent"
"2008","47","alle","73","sysselsatte_innvkat","prosent"
"2008","47","befolkningen_ellers","74","sysselsatte_innvkat","prosent"
"2008","47","innvandrere","66","sysselsatte_innvkat","prosent"
"2008","48","alle","73","sysselsatte_innvkat","prosent"
"2008","48","befolkningen_ellers","73","sysselsatte_innvkat","prosent"
"2008","48","innvandrere","74","sysselsatte_innvkat","prosent"
"2008","49","alle","75","sysselsatte_innvkat","prosent"
"2008","49","befolkningen_ellers","75","sysselsatte_innvkat","prosent"
"2008","49","innvandrere","71","sysselsatte_innvkat","prosent"
"2008","50","alle","75","sysselsatte_innvkat","prosent"
"2008","50","befolkningen_ellers","75","sysselsatte_innvkat","prosent"
"2008","50","innvandrere","76","sysselsatte_innvkat","prosent"
"2008","51","alle","77","sysselsatte_innvkat","prosent"
"2008","51","befolkningen_ellers","78","sysselsatte_innvkat","prosent"
"2008","51","innvandrere","71","sysselsatte_innvkat","prosent"
"2008","52","alle","70","sysselsatte_innvkat","prosent"
"2008","52","befolkningen_ellers","71","sysselsatte_innvkat","prosent"
"2008","52","innvandrere","65","sysselsatte_innvkat","prosent"
"2008","53","alle","74","sysselsatte_innvkat","prosent"
"2008","53","befolkningen_ellers","74","sysselsatte_innvkat","prosent"
"2008","53","innvandrere","74","sysselsatte_innvkat","prosent"
"2008","54","alle","78","sysselsatte_innvkat","prosent"
"2008","54","befolkningen_ellers","77","sysselsatte_innvkat","prosent"
"2008","54","innvandrere","79","sysselsatte_innvkat","prosent"
"2008","55","alle","73","sysselsatte_innvkat","prosent"
"2008","55","befolkningen_ellers","74","sysselsatte_innvkat","prosent"
"2008","55","innvandrere","68","sysselsatte_innvkat","prosent"
"2008","56","alle","75","sysselsatte_innvkat","prosent"
"2008","56","befolkningen_ellers","75","sysselsatte_innvkat","prosent"
"2008","56","innvandrere","74","sysselsatte_innvkat","prosent"
"2008","57","alle","69","sysselsatte_innvkat","prosent"
"2008","57","befolkningen_ellers","69","sysselsatte_innvkat","prosent"
"2008","57","innvandrere","67","sysselsatte_innvkat","prosent"
"2008","58","alle","71","sysselsatte_innvkat","prosent"
"2008","58","befolkningen_ellers","69","sysselsatte_innvkat","prosent"
"2008","58","innvandrere","80","sysselsatte_innvkat","prosent"
"2008","59","alle","75","sysselsatte_innvkat","prosent"
"2008","59","befolkningen_ellers","75","sysselsatte_innvkat","prosent"
"2008","59","innvandrere","70","sysselsatte_innvkat","prosent"
"2008","60","alle","71","sysselsatte_innvkat","prosent"
"2008","60","befolkningen_ellers","72","sysselsatte_innvkat","prosent"
"2008","60","innvandrere","63","sysselsatte_innvkat","prosent"
"2008","61","alle","72","sysselsatte_innvkat","prosent"
"2008","61","befolkningen_ellers","73","sysselsatte_innvkat","prosent"
"2008","61","innvandrere","63","sysselsatte_innvkat","prosent"
"2008","62","alle","75","sysselsatte_innvkat","prosent"
"2008","62","befolkningen_ellers","75","sysselsatte_innvkat","prosent"
"2008","62","innvandrere","80","sysselsatte_innvkat","prosent"
"2008","63","alle","71","sysselsatte_innvkat","prosent"
"2008","63","befolkningen_ellers","71","sysselsatte_innvkat","prosent"
"2008","63","innvandrere","62","sysselsatte_innvkat","prosent"
"2008","64","alle","69","sysselsatte_innvkat","prosent"
"2008","64","befolkningen_ellers","69","sysselsatte_innvkat","prosent"
"2008","64","innvandrere","60","sysselsatte_innvkat","prosent"
"2008","65","alle","74","sysselsatte_innvkat","prosent"
"2008","65","befolkningen_ellers","74","sysselsatte_innvkat","prosent"
"2008","65","innvandrere","70","sysselsatte_innvkat","prosent"
"2008","66","alle","70","sysselsatte_innvkat","prosent"
"2008","66","befolkningen_ellers","70","sysselsatte_innvkat","prosent"
"2008","66","innvandrere","69","sysselsatte_innvkat","prosent"
"2008","67","alle","73","sysselsatte_innvkat","prosent"
"2008","67","befolkningen_ellers","73","sysselsatte_innvkat","prosent"
"2008","67","innvandrere","63","sysselsatte_innvkat","prosent"
"2008","68","alle","69","sysselsatte_innvkat","prosent"
"2008","68","befolkningen_ellers","69","sysselsatte_innvkat","prosent"
"2008","68","innvandrere","63","sysselsatte_innvkat","prosent"
"2008","69","alle","68","sysselsatte_innvkat","prosent"
"2008","69","befolkningen_ellers","68","sysselsatte_innvkat","prosent"
"2008","69","innvandrere","57","sysselsatte_innvkat","prosent"
"2008","70","alle","71","sysselsatte_innvkat","prosent"
"2008","70","befolkningen_ellers","70","sysselsatte_innvkat","prosent"
"2008","70","innvandrere","89","sysselsatte_innvkat","prosent"
"2008","71","alle","69","sysselsatte_innvkat","prosent"
"2008","71","befolkningen_ellers","70","sysselsatte_innvkat","prosent"
"2008","71","innvandrere","59","sysselsatte_innvkat","prosent"
"2008","72","alle","68","sysselsatte_innvkat","prosent"
"2008","72","befolkningen_ellers","68","sysselsatte_innvkat","prosent"
"2008","72","innvandrere","65","sysselsatte_innvkat","prosent"
"2008","73","alle","72","sysselsatte_innvkat","prosent"
"2008","73","befolkningen_ellers","72","sysselsatte_innvkat","prosent"
"2008","73","innvandrere","64","sysselsatte_innvkat","prosent"
"2008","74","alle","67","sysselsatte_innvkat","prosent"
"2008","74","befolkningen_ellers","67","sysselsatte_innvkat","prosent"
"2008","74","innvandrere","66","sysselsatte_innvkat","prosent"
"2008","75","alle","69","sysselsatte_innvkat","prosent"
"2008","75","befolkningen_ellers","70","sysselsatte_innvkat","prosent"
"2008","75","innvandrere","64","sysselsatte_innvkat","prosent"
"2008","76","alle","68","sysselsatte_innvkat","prosent"
"2008","76","befolkningen_ellers","68","sysselsatte_innvkat","prosent"
"2008","76","innvandrere","66","sysselsatte_innvkat","prosent"
"2008","77","alle","68","sysselsatte_innvkat","prosent"
"2008","77","befolkningen_ellers","69","sysselsatte_innvkat","prosent"
"2008","77","innvandrere","62","sysselsatte_innvkat","prosent"
"2008","78","alle","70","sysselsatte_innvkat","prosent"
"2008","78","befolkningen_ellers","70","sysselsatte_innvkat","prosent"
"2008","78","innvandrere","66","sysselsatte_innvkat","prosent"
"2008","79","alle","73","sysselsatte_innvkat","prosent"
"2008","79","befolkningen_ellers","73","sysselsatte_innvkat","prosent"
"2008","79","innvandrere","70","sysselsatte_innvkat","prosent"
"2008","80","alle","68","sysselsatte_innvkat","prosent"
"2008","80","befolkningen_ellers","68","sysselsatte_innvkat","prosent"
"2008","80","innvandrere","66","sysselsatte_innvkat","prosent"
"2008","81","alle","72","sysselsatte_innvkat","prosent"
"2008","81","befolkningen_ellers","71","sysselsatte_innvkat","prosent"
"2008","81","innvandrere","74","sysselsatte_innvkat","prosent"
"2008","82","alle","68","sysselsatte_innvkat","prosent"
"2008","82","befolkningen_ellers","68","sysselsatte_innvkat","prosent"
"2008","82","innvandrere","73","sysselsatte_innvkat","prosent"
"2008","83","alle","70","sysselsatte_innvkat","prosent"
"2008","83","befolkningen_ellers","69","sysselsatte_innvkat","prosent"
"2008","83","innvandrere","70","sysselsatte_innvkat","prosent"
"2009","01","alle","63","sysselsatte_innvkat","prosent"
"2009","01","befolkningen_ellers","65","sysselsatte_innvkat","prosent"
"2009","01","innvandrere","51","sysselsatte_innvkat","prosent"
"2009","02","alle","68","sysselsatte_innvkat","prosent"
"2009","02","befolkningen_ellers","69","sysselsatte_innvkat","prosent"
"2009","02","innvandrere","58","sysselsatte_innvkat","prosent"
"2009","03","alle","66","sysselsatte_innvkat","prosent"
"2009","03","befolkningen_ellers","67","sysselsatte_innvkat","prosent"
"2009","03","innvandrere","55","sysselsatte_innvkat","prosent"
"2009","04","alle","64","sysselsatte_innvkat","prosent"
"2009","04","befolkningen_ellers","66","sysselsatte_innvkat","prosent"
"2009","04","innvandrere","53","sysselsatte_innvkat","prosent"
"2009","05","alle","72","sysselsatte_innvkat","prosent"
"2009","05","befolkningen_ellers","73","sysselsatte_innvkat","prosent"
"2009","05","innvandrere","65","sysselsatte_innvkat","prosent"
"2009","06","alle","71","sysselsatte_innvkat","prosent"
"2009","06","befolkningen_ellers","71","sysselsatte_innvkat","prosent"
"2009","06","innvandrere","65","sysselsatte_innvkat","prosent"
"2009","07","alle","71","sysselsatte_innvkat","prosent"
"2009","07","befolkningen_ellers","73","sysselsatte_innvkat","prosent"
"2009","07","innvandrere","65","sysselsatte_innvkat","prosent"
"2009","08","alle","71","sysselsatte_innvkat","prosent"
"2009","08","befolkningen_ellers","72","sysselsatte_innvkat","prosent"
"2009","08","innvandrere","67","sysselsatte_innvkat","prosent"
"2009","09","alle","70","sysselsatte_innvkat","prosent"
"2009","09","befolkningen_ellers","74","sysselsatte_innvkat","prosent"
"2009","09","innvandrere","59","sysselsatte_innvkat","prosent"
"2009","10","alle","72","sysselsatte_innvkat","prosent"
"2009","10","befolkningen_ellers","73","sysselsatte_innvkat","prosent"
"2009","10","innvandrere","64","sysselsatte_innvkat","prosent"
"2009","11","alle","63","sysselsatte_innvkat","prosent"
"2009","11","befolkningen_ellers","64","sysselsatte_innvkat","prosent"
"2009","11","innvandrere","54","sysselsatte_innvkat","prosent"
"2009","12","alle","67","sysselsatte_innvkat","prosent"
"2009","12","befolkningen_ellers","68","sysselsatte_innvkat","prosent"
"2009","12","innvandrere","58","sysselsatte_innvkat","prosent"
"2009","13","alle","67","sysselsatte_innvkat","prosent"
"2009","13","befolkningen_ellers","67","sysselsatte_innvkat","prosent"
"2009","13","innvandrere","57","sysselsatte_innvkat","prosent"
"2009","14","alle","67","sysselsatte_innvkat","prosent"
"2009","14","befolkningen_ellers","68","sysselsatte_innvkat","prosent"
"2009","14","innvandrere","55","sysselsatte_innvkat","prosent"
"2009","15","alle","69","sysselsatte_innvkat","prosent"
"2009","15","befolkningen_ellers","70","sysselsatte_innvkat","prosent"
"2009","15","innvandrere","63","sysselsatte_innvkat","prosent"
"2009","16","alle","70","sysselsatte_innvkat","prosent"
"2009","16","befolkningen_ellers","70","sysselsatte_innvkat","prosent"
"2009","16","innvandrere","61","sysselsatte_innvkat","prosent"
"2009","17","alle","69","sysselsatte_innvkat","prosent"
"2009","17","befolkningen_ellers","70","sysselsatte_innvkat","prosent"
"2009","17","innvandrere","53","sysselsatte_innvkat","prosent"
"2009","18","alle","71","sysselsatte_innvkat","prosent"
"2009","18","befolkningen_ellers","71","sysselsatte_innvkat","prosent"
"2009","18","innvandrere","59","sysselsatte_innvkat","prosent"
"2009","19","alle","73","sysselsatte_innvkat","prosent"
"2009","19","befolkningen_ellers","74","sysselsatte_innvkat","prosent"
"2009","19","innvandrere","63","sysselsatte_innvkat","prosent"
"2009","20","alle","69","sysselsatte_innvkat","prosent"
"2009","20","befolkningen_ellers","70","sysselsatte_innvkat","prosent"
"2009","20","innvandrere","60","sysselsatte_innvkat","prosent"
"2009","21","alle","76","sysselsatte_innvkat","prosent"
"2009","21","befolkningen_ellers","76","sysselsatte_innvkat","prosent"
"2009","21","innvandrere","73","sysselsatte_innvkat","prosent"
"2009","22","alle","73","sysselsatte_innvkat","prosent"
"2009","22","befolkningen_ellers","73","sysselsatte_innvkat","prosent"
"2009","22","innvandrere","69","sysselsatte_innvkat","prosent"
"2009","23","alle","70","sysselsatte_innvkat","prosent"
"2009","23","befolkningen_ellers","71","sysselsatte_innvkat","prosent"
"2009","23","innvandrere","61","sysselsatte_innvkat","prosent"
"2009","24","alle","69","sysselsatte_innvkat","prosent"
"2009","24","befolkningen_ellers","69","sysselsatte_innvkat","prosent"
"2009","24","innvandrere","64","sysselsatte_innvkat","prosent"
"2009","25","alle","67","sysselsatte_innvkat","prosent"
"2009","25","befolkningen_ellers","68","sysselsatte_innvkat","prosent"
"2009","25","innvandrere","60","sysselsatte_innvkat","prosent"
"2009","26","alle","66","sysselsatte_innvkat","prosent"
"2009","26","befolkningen_ellers","67","sysselsatte_innvkat","prosent"
"2009","26","innvandrere","59","sysselsatte_innvkat","prosent"
"2009","27","alle","66","sysselsatte_innvkat","prosent"
"2009","27","befolkningen_ellers","67","sysselsatte_innvkat","prosent"
"2009","27","innvandrere","54","sysselsatte_innvkat","prosent"
"2009","28","alle","66","sysselsatte_innvkat","prosent"
"2009","28","befolkningen_ellers","68","sysselsatte_innvkat","prosent"
"2009","28","innvandrere","50","sysselsatte_innvkat","prosent"
"2009","29","alle","66","sysselsatte_innvkat","prosent"
"2009","29","befolkningen_ellers","67","sysselsatte_innvkat","prosent"
"2009","29","innvandrere","61","sysselsatte_innvkat","prosent"
"2009","30","alle","73","sysselsatte_innvkat","prosent"
"2009","30","befolkningen_ellers","73","sysselsatte_innvkat","prosent"
"2009","30","innvandrere","70","sysselsatte_innvkat","prosent"
"2009","31","alle","72","sysselsatte_innvkat","prosent"
"2009","31","befolkningen_ellers","73","sysselsatte_innvkat","prosent"
"2009","31","innvandrere","60","sysselsatte_innvkat","prosent"
"2009","32","alle","66","sysselsatte_innvkat","prosent"
"2009","32","befolkningen_ellers","67","sysselsatte_innvkat","prosent"
"2009","32","innvandrere","58","sysselsatte_innvkat","prosent"
"2009","33","alle","69","sysselsatte_innvkat","prosent"
"2009","33","befolkningen_ellers","70","sysselsatte_innvkat","prosent"
"2009","33","innvandrere","62","sysselsatte_innvkat","prosent"
"2009","34","alle","68","sysselsatte_innvkat","prosent"
"2009","34","befolkningen_ellers","69","sysselsatte_innvkat","prosent"
"2009","34","innvandrere","56","sysselsatte_innvkat","prosent"
"2009","35","alle","69","sysselsatte_innvkat","prosent"
"2009","35","befolkningen_ellers","70","sysselsatte_innvkat","prosent"
"2009","35","innvandrere","60","sysselsatte_innvkat","prosent"
"2009","36","alle","73","sysselsatte_innvkat","prosent"
"2009","36","befolkningen_ellers","74","sysselsatte_innvkat","prosent"
"2009","36","innvandrere","67","sysselsatte_innvkat","prosent"
"2009","37","alle","70","sysselsatte_innvkat","prosent"
"2009","37","befolkningen_ellers","71","sysselsatte_innvkat","prosent"
"2009","37","innvandrere","64","sysselsatte_innvkat","prosent"
"2009","38","alle","76","sysselsatte_innvkat","prosent"
"2009","38","befolkningen_ellers","76","sysselsatte_innvkat","prosent"
"2009","38","innvandrere","75","sysselsatte_innvkat","prosent"
"2009","39","alle","74","sysselsatte_innvkat","prosent"
"2009","39","befolkningen_ellers","75","sysselsatte_innvkat","prosent"
"2009","39","innvandrere","68","sysselsatte_innvkat","prosent"
"2009","40","alle","71","sysselsatte_innvkat","prosent"
"2009","40","befolkningen_ellers","72","sysselsatte_innvkat","prosent"
"2009","40","innvandrere","63","sysselsatte_innvkat","prosent"
"2009","41","alle","73","sysselsatte_innvkat","prosent"
"2009","41","befolkningen_ellers","73","sysselsatte_innvkat","prosent"
"2009","41","innvandrere","67","sysselsatte_innvkat","prosent"
"2009","42","alle","71","sysselsatte_innvkat","prosent"
"2009","42","befolkningen_ellers","71","sysselsatte_innvkat","prosent"
"2009","42","innvandrere","69","sysselsatte_innvkat","prosent"
"2009","43","alle","72","sysselsatte_innvkat","prosent"
"2009","43","befolkningen_ellers","73","sysselsatte_innvkat","prosent"
"2009","43","innvandrere","59","sysselsatte_innvkat","prosent"
"2009","44","alle","72","sysselsatte_innvkat","prosent"
"2009","44","befolkningen_ellers","73","sysselsatte_innvkat","prosent"
"2009","44","innvandrere","68","sysselsatte_innvkat","prosent"
"2009","45","alle","71","sysselsatte_innvkat","prosent"
"2009","45","befolkningen_ellers","71","sysselsatte_innvkat","prosent"
"2009","45","innvandrere","69","sysselsatte_innvkat","prosent"
"2009","46","alle","73","sysselsatte_innvkat","prosent"
"2009","46","befolkningen_ellers","73","sysselsatte_innvkat","prosent"
"2009","46","innvandrere","69","sysselsatte_innvkat","prosent"
"2009","47","alle","72","sysselsatte_innvkat","prosent"
"2009","47","befolkningen_ellers","72","sysselsatte_innvkat","prosent"
"2009","47","innvandrere","66","sysselsatte_innvkat","prosent"
"2009","48","alle","71","sysselsatte_innvkat","prosent"
"2009","48","befolkningen_ellers","71","sysselsatte_innvkat","prosent"
"2009","48","innvandrere","71","sysselsatte_innvkat","prosent"
"2009","49","alle","73","sysselsatte_innvkat","prosent"
"2009","49","befolkningen_ellers","74","sysselsatte_innvkat","prosent"
"2009","49","innvandrere","70","sysselsatte_innvkat","prosent"
"2009","50","alle","73","sysselsatte_innvkat","prosent"
"2009","50","befolkningen_ellers","73","sysselsatte_innvkat","prosent"
"2009","50","innvandrere","72","sysselsatte_innvkat","prosent"
"2009","51","alle","76","sysselsatte_innvkat","prosent"
"2009","51","befolkningen_ellers","76","sysselsatte_innvkat","prosent"
"2009","51","innvandrere","67","sysselsatte_innvkat","prosent"
"2009","52","alle","69","sysselsatte_innvkat","prosent"
"2009","52","befolkningen_ellers","70","sysselsatte_innvkat","prosent"
"2009","52","innvandrere","63","sysselsatte_innvkat","prosent"
"2009","53","alle","72","sysselsatte_innvkat","prosent"
"2009","53","befolkningen_ellers","72","sysselsatte_innvkat","prosent"
"2009","53","innvandrere","70","sysselsatte_innvkat","prosent"
"2009","54","alle","75","sysselsatte_innvkat","prosent"
"2009","54","befolkningen_ellers","75","sysselsatte_innvkat","prosent"
"2009","54","innvandrere","72","sysselsatte_innvkat","prosent"
"2009","55","alle","71","sysselsatte_innvkat","prosent"
"2009","55","befolkningen_ellers","72","sysselsatte_innvkat","prosent"
"2009","55","innvandrere","70","sysselsatte_innvkat","prosent"
"2009","56","alle","74","sysselsatte_innvkat","prosent"
"2009","56","befolkningen_ellers","74","sysselsatte_innvkat","prosent"
"2009","56","innvandrere","71","sysselsatte_innvkat","prosent"
"2009","57","alle","68","sysselsatte_innvkat","prosent"
"2009","57","befolkningen_ellers","68","sysselsatte_innvkat","prosent"
"2009","57","innvandrere","65","sysselsatte_innvkat","prosent"
"2009","58","alle","70","sysselsatte_innvkat","prosent"
"2009","58","befolkningen_ellers","69","sysselsatte_innvkat","prosent"
"2009","58","innvandrere","81","sysselsatte_innvkat","prosent"
"2009","59","alle","72","sysselsatte_innvkat","prosent"
"2009","59","befolkningen_ellers","73","sysselsatte_innvkat","prosent"
"2009","59","innvandrere","68","sysselsatte_innvkat","prosent"
"2009","60","alle","69","sysselsatte_innvkat","prosent"
"2009","60","befolkningen_ellers","69","sysselsatte_innvkat","prosent"
"2009","60","innvandrere","57","sysselsatte_innvkat","prosent"
"2009","61","alle","70","sysselsatte_innvkat","prosent"
"2009","61","befolkningen_ellers","71","sysselsatte_innvkat","prosent"
"2009","61","innvandrere","60","sysselsatte_innvkat","prosent"
"2009","62","alle","73","sysselsatte_innvkat","prosent"
"2009","62","befolkningen_ellers","73","sysselsatte_innvkat","prosent"
"2009","62","innvandrere","71","sysselsatte_innvkat","prosent"
"2009","63","alle","69","sysselsatte_innvkat","prosent"
"2009","63","befolkningen_ellers","69","sysselsatte_innvkat","prosent"
"2009","63","innvandrere","58","sysselsatte_innvkat","prosent"
"2009","64","alle","67","sysselsatte_innvkat","prosent"
"2009","64","befolkningen_ellers","68","sysselsatte_innvkat","prosent"
"2009","64","innvandrere","53","sysselsatte_innvkat","prosent"
"2009","65","alle","73","sysselsatte_innvkat","prosent"
"2009","65","befolkningen_ellers","73","sysselsatte_innvkat","prosent"
"2009","65","innvandrere","68","sysselsatte_innvkat","prosent"
"2009","66","alle","70","sysselsatte_innvkat","prosent"
"2009","66","befolkningen_ellers","70","sysselsatte_innvkat","prosent"
"2009","66","innvandrere","71","sysselsatte_innvkat","prosent"
"2009","67","alle","71","sysselsatte_innvkat","prosent"
"2009","67","befolkningen_ellers","71","sysselsatte_innvkat","prosent"
"2009","67","innvandrere","60","sysselsatte_innvkat","prosent"
"2009","68","alle","67","sysselsatte_innvkat","prosent"
"2009","68","befolkningen_ellers","68","sysselsatte_innvkat","prosent"
"2009","68","innvandrere","60","sysselsatte_innvkat","prosent"
"2009","69","alle","67","sysselsatte_innvkat","prosent"
"2009","69","befolkningen_ellers","68","sysselsatte_innvkat","prosent"
"2009","69","innvandrere","58","sysselsatte_innvkat","prosent"
"2009","70","alle","70","sysselsatte_innvkat","prosent"
"2009","70","befolkningen_ellers","70","sysselsatte_innvkat","prosent"
"2009","70","innvandrere","83","sysselsatte_innvkat","prosent"
"2009","71","alle","68","sysselsatte_innvkat","prosent"
"2009","71","befolkningen_ellers","69","sysselsatte_innvkat","prosent"
"2009","71","innvandrere","55","sysselsatte_innvkat","prosent"
"2009","72","alle","67","sysselsatte_innvkat","prosent"
"2009","72","befolkningen_ellers","67","sysselsatte_innvkat","prosent"
"2009","72","innvandrere","61","sysselsatte_innvkat","prosent"
"2009","73","alle","70","sysselsatte_innvkat","prosent"
"2009","73","befolkningen_ellers","70","sysselsatte_innvkat","prosent"
"2009","73","innvandrere","60","sysselsatte_innvkat","prosent"
"2009","74","alle","65","sysselsatte_innvkat","prosent"
"2009","74","befolkningen_ellers","65","sysselsatte_innvkat","prosent"
"2009","74","innvandrere","65","sysselsatte_innvkat","prosent"
"2009","75","alle","68","sysselsatte_innvkat","prosent"
"2009","75","befolkningen_ellers","68","sysselsatte_innvkat","prosent"
"2009","75","innvandrere","66","sysselsatte_innvkat","prosent"
"2009","76","alle","66","sysselsatte_innvkat","prosent"
"2009","76","befolkningen_ellers","67","sysselsatte_innvkat","prosent"
"2009","76","innvandrere","62","sysselsatte_innvkat","prosent"
"2009","77","alle","66","sysselsatte_innvkat","prosent"
"2009","77","befolkningen_ellers","67","sysselsatte_innvkat","prosent"
"2009","77","innvandrere","56","sysselsatte_innvkat","prosent"
"2009","78","alle","69","sysselsatte_innvkat","prosent"
"2009","78","befolkningen_ellers","70","sysselsatte_innvkat","prosent"
"2009","78","innvandrere","62","sysselsatte_innvkat","prosent"
"2009","79","alle","71","sysselsatte_innvkat","prosent"
"2009","79","befolkningen_ellers","72","sysselsatte_innvkat","prosent"
"2009","79","innvandrere","68","sysselsatte_innvkat","prosent"
"2009","80","alle","66","sysselsatte_innvkat","prosent"
"2009","80","befolkningen_ellers","67","sysselsatte_innvkat","prosent"
"2009","80","innvandrere","62","sysselsatte_innvkat","prosent"
"2009","81","alle","70","sysselsatte_innvkat","prosent"
"2009","81","befolkningen_ellers","70","sysselsatte_innvkat","prosent"
"2009","81","innvandrere","71","sysselsatte_innvkat","prosent"
"2009","82","alle","68","sysselsatte_innvkat","prosent"
"2009","82","befolkningen_ellers","67","sysselsatte_innvkat","prosent"
"2009","82","innvandrere","73","sysselsatte_innvkat","prosent"
"2009","83","alle","68","sysselsatte_innvkat","prosent"
"2009","83","befolkningen_ellers","68","sysselsatte_innvkat","prosent"
"2009","83","innvandrere","66","sysselsatte_innvkat","prosent"
"2010","01","alle","63","sysselsatte_innvkat","prosent"
"2010","01","befolkningen_ellers","64","sysselsatte_innvkat","prosent"
"2010","01","innvandrere","50","sysselsatte_innvkat","prosent"
"2010","02","alle","67","sysselsatte_innvkat","prosent"
"2010","02","befolkningen_ellers","68","sysselsatte_innvkat","prosent"
"2010","02","innvandrere","57","sysselsatte_innvkat","prosent"
"2010","03","alle","65","sysselsatte_innvkat","prosent"
"2010","03","befolkningen_ellers","67","sysselsatte_innvkat","prosent"
"2010","03","innvandrere","56","sysselsatte_innvkat","prosent"
"2010","04","alle","64","sysselsatte_innvkat","prosent"
"2010","04","befolkningen_ellers","65","sysselsatte_innvkat","prosent"
"2010","04","innvandrere","53","sysselsatte_innvkat","prosent"
"2010","05","alle","71","sysselsatte_innvkat","prosent"
"2010","05","befolkningen_ellers","72","sysselsatte_innvkat","prosent"
"2010","05","innvandrere","65","sysselsatte_innvkat","prosent"
"2010","06","alle","70","sysselsatte_innvkat","prosent"
"2010","06","befolkningen_ellers","71","sysselsatte_innvkat","prosent"
"2010","06","innvandrere","64","sysselsatte_innvkat","prosent"
"2010","07","alle","71","sysselsatte_innvkat","prosent"
"2010","07","befolkningen_ellers","72","sysselsatte_innvkat","prosent"
"2010","07","innvandrere","63","sysselsatte_innvkat","prosent"
"2010","08","alle","70","sysselsatte_innvkat","prosent"
"2010","08","befolkningen_ellers","71","sysselsatte_innvkat","prosent"
"2010","08","innvandrere","66","sysselsatte_innvkat","prosent"
"2010","09","alle","69","sysselsatte_innvkat","prosent"
"2010","09","befolkningen_ellers","73","sysselsatte_innvkat","prosent"
"2010","09","innvandrere","59","sysselsatte_innvkat","prosent"
"2010","10","alle","74","sysselsatte_innvkat","prosent"
"2010","10","befolkningen_ellers","74","sysselsatte_innvkat","prosent"
"2010","10","innvandrere","67","sysselsatte_innvkat","prosent"
"2010","11","alle","62","sysselsatte_innvkat","prosent"
"2010","11","befolkningen_ellers","63","sysselsatte_innvkat","prosent"
"2010","11","innvandrere","54","sysselsatte_innvkat","prosent"
"2010","12","alle","66","sysselsatte_innvkat","prosent"
"2010","12","befolkningen_ellers","67","sysselsatte_innvkat","prosent"
"2010","12","innvandrere","58","sysselsatte_innvkat","prosent"
"2010","13","alle","66","sysselsatte_innvkat","prosent"
"2010","13","befolkningen_ellers","67","sysselsatte_innvkat","prosent"
"2010","13","innvandrere","54","sysselsatte_innvkat","prosent"
"2010","14","alle","66","sysselsatte_innvkat","prosent"
"2010","14","befolkningen_ellers","67","sysselsatte_innvkat","prosent"
"2010","14","innvandrere","54","sysselsatte_innvkat","prosent"
"2010","15","alle","69","sysselsatte_innvkat","prosent"
"2010","15","befolkningen_ellers","69","sysselsatte_innvkat","prosent"
"2010","15","innvandrere","63","sysselsatte_innvkat","prosent"
"2010","16","alle","70","sysselsatte_innvkat","prosent"
"2010","16","befolkningen_ellers","71","sysselsatte_innvkat","prosent"
"2010","16","innvandrere","62","sysselsatte_innvkat","prosent"
"2010","17","alle","69","sysselsatte_innvkat","prosent"
"2010","17","befolkningen_ellers","69","sysselsatte_innvkat","prosent"
"2010","17","innvandrere","60","sysselsatte_innvkat","prosent"
"2010","18","alle","70","sysselsatte_innvkat","prosent"
"2010","18","befolkningen_ellers","70","sysselsatte_innvkat","prosent"
"2010","18","innvandrere","59","sysselsatte_innvkat","prosent"
"2010","19","alle","72","sysselsatte_innvkat","prosent"
"2010","19","befolkningen_ellers","73","sysselsatte_innvkat","prosent"
"2010","19","innvandrere","61","sysselsatte_innvkat","prosent"
"2010","20","alle","68","sysselsatte_innvkat","prosent"
"2010","20","befolkningen_ellers","69","sysselsatte_innvkat","prosent"
"2010","20","innvandrere","60","sysselsatte_innvkat","prosent"
"2010","21","alle","75","sysselsatte_innvkat","prosent"
"2010","21","befolkningen_ellers","75","sysselsatte_innvkat","prosent"
"2010","21","innvandrere","72","sysselsatte_innvkat","prosent"
"2010","22","alle","72","sysselsatte_innvkat","prosent"
"2010","22","befolkningen_ellers","73","sysselsatte_innvkat","prosent"
"2010","22","innvandrere","68","sysselsatte_innvkat","prosent"
"2010","23","alle","69","sysselsatte_innvkat","prosent"
"2010","23","befolkningen_ellers","70","sysselsatte_innvkat","prosent"
"2010","23","innvandrere","60","sysselsatte_innvkat","prosent"
"2010","24","alle","68","sysselsatte_innvkat","prosent"
"2010","24","befolkningen_ellers","69","sysselsatte_innvkat","prosent"
"2010","24","innvandrere","63","sysselsatte_innvkat","prosent"
"2010","25","alle","67","sysselsatte_innvkat","prosent"
"2010","25","befolkningen_ellers","67","sysselsatte_innvkat","prosent"
"2010","25","innvandrere","60","sysselsatte_innvkat","prosent"
"2010","26","alle","65","sysselsatte_innvkat","prosent"
"2010","26","befolkningen_ellers","66","sysselsatte_innvkat","prosent"
"2010","26","innvandrere","59","sysselsatte_innvkat","prosent"
"2010","27","alle","65","sysselsatte_innvkat","prosent"
"2010","27","befolkningen_ellers","66","sysselsatte_innvkat","prosent"
"2010","27","innvandrere","54","sysselsatte_innvkat","prosent"
"2010","28","alle","65","sysselsatte_innvkat","prosent"
"2010","28","befolkningen_ellers","67","sysselsatte_innvkat","prosent"
"2010","28","innvandrere","51","sysselsatte_innvkat","prosent"
"2010","29","alle","66","sysselsatte_innvkat","prosent"
"2010","29","befolkningen_ellers","67","sysselsatte_innvkat","prosent"
"2010","29","innvandrere","60","sysselsatte_innvkat","prosent"
"2010","30","alle","73","sysselsatte_innvkat","prosent"
"2010","30","befolkningen_ellers","73","sysselsatte_innvkat","prosent"
"2010","30","innvandrere","68","sysselsatte_innvkat","prosent"
"2010","31","alle","71","sysselsatte_innvkat","prosent"
"2010","31","befolkningen_ellers","72","sysselsatte_innvkat","prosent"
"2010","31","innvandrere","61","sysselsatte_innvkat","prosent"
"2010","32","alle","66","sysselsatte_innvkat","prosent"
"2010","32","befolkningen_ellers","67","sysselsatte_innvkat","prosent"
"2010","32","innvandrere","58","sysselsatte_innvkat","prosent"
"2010","33","alle","69","sysselsatte_innvkat","prosent"
"2010","33","befolkningen_ellers","70","sysselsatte_innvkat","prosent"
"2010","33","innvandrere","59","sysselsatte_innvkat","prosent"
"2010","34","alle","67","sysselsatte_innvkat","prosent"
"2010","34","befolkningen_ellers","68","sysselsatte_innvkat","prosent"
"2010","34","innvandrere","56","sysselsatte_innvkat","prosent"
"2010","35","alle","68","sysselsatte_innvkat","prosent"
"2010","35","befolkningen_ellers","69","sysselsatte_innvkat","prosent"
"2010","35","innvandrere","60","sysselsatte_innvkat","prosent"
"2010","36","alle","72","sysselsatte_innvkat","prosent"
"2010","36","befolkningen_ellers","73","sysselsatte_innvkat","prosent"
"2010","36","innvandrere","67","sysselsatte_innvkat","prosent"
"2010","37","alle","69","sysselsatte_innvkat","prosent"
"2010","37","befolkningen_ellers","70","sysselsatte_innvkat","prosent"
"2010","37","innvandrere","62","sysselsatte_innvkat","prosent"
"2010","38","alle","75","sysselsatte_innvkat","prosent"
"2010","38","befolkningen_ellers","76","sysselsatte_innvkat","prosent"
"2010","38","innvandrere","73","sysselsatte_innvkat","prosent"
"2010","39","alle","74","sysselsatte_innvkat","prosent"
"2010","39","befolkningen_ellers","75","sysselsatte_innvkat","prosent"
"2010","39","innvandrere","68","sysselsatte_innvkat","prosent"
"2010","40","alle","70","sysselsatte_innvkat","prosent"
"2010","40","befolkningen_ellers","71","sysselsatte_innvkat","prosent"
"2010","40","innvandrere","62","sysselsatte_innvkat","prosent"
"2010","41","alle","72","sysselsatte_innvkat","prosent"
"2010","41","befolkningen_ellers","73","sysselsatte_innvkat","prosent"
"2010","41","innvandrere","65","sysselsatte_innvkat","prosent"
"2010","42","alle","71","sysselsatte_innvkat","prosent"
"2010","42","befolkningen_ellers","71","sysselsatte_innvkat","prosent"
"2010","42","innvandrere","67","sysselsatte_innvkat","prosent"
"2010","43","alle","72","sysselsatte_innvkat","prosent"
"2010","43","befolkningen_ellers","73","sysselsatte_innvkat","prosent"
"2010","43","innvandrere","62","sysselsatte_innvkat","prosent"
"2010","44","alle","72","sysselsatte_innvkat","prosent"
"2010","44","befolkningen_ellers","72","sysselsatte_innvkat","prosent"
"2010","44","innvandrere","67","sysselsatte_innvkat","prosent"
"2010","45","alle","69","sysselsatte_innvkat","prosent"
"2010","45","befolkningen_ellers","70","sysselsatte_innvkat","prosent"
"2010","45","innvandrere","64","sysselsatte_innvkat","prosent"
"2010","46","alle","71","sysselsatte_innvkat","prosent"
"2010","46","befolkningen_ellers","72","sysselsatte_innvkat","prosent"
"2010","46","innvandrere","63","sysselsatte_innvkat","prosent"
"2010","47","alle","71","sysselsatte_innvkat","prosent"
"2010","47","befolkningen_ellers","72","sysselsatte_innvkat","prosent"
"2010","47","innvandrere","66","sysselsatte_innvkat","prosent"
"2010","48","alle","70","sysselsatte_innvkat","prosent"
"2010","48","befolkningen_ellers","70","sysselsatte_innvkat","prosent"
"2010","48","innvandrere","71","sysselsatte_innvkat","prosent"
"2010","49","alle","73","sysselsatte_innvkat","prosent"
"2010","49","befolkningen_ellers","74","sysselsatte_innvkat","prosent"
"2010","49","innvandrere","70","sysselsatte_innvkat","prosent"
"2010","50","alle","72","sysselsatte_innvkat","prosent"
"2010","50","befolkningen_ellers","73","sysselsatte_innvkat","prosent"
"2010","50","innvandrere","70","sysselsatte_innvkat","prosent"
"2010","51","alle","74","sysselsatte_innvkat","prosent"
"2010","51","befolkningen_ellers","75","sysselsatte_innvkat","prosent"
"2010","51","innvandrere","65","sysselsatte_innvkat","prosent"
"2010","52","alle","69","sysselsatte_innvkat","prosent"
"2010","52","befolkningen_ellers","69","sysselsatte_innvkat","prosent"
"2010","52","innvandrere","62","sysselsatte_innvkat","prosent"
"2010","53","alle","71","sysselsatte_innvkat","prosent"
"2010","53","befolkningen_ellers","72","sysselsatte_innvkat","prosent"
"2010","53","innvandrere","70","sysselsatte_innvkat","prosent"
"2010","54","alle","75","sysselsatte_innvkat","prosent"
"2010","54","befolkningen_ellers","75","sysselsatte_innvkat","prosent"
"2010","54","innvandrere","77","sysselsatte_innvkat","prosent"
"2010","55","alle","71","sysselsatte_innvkat","prosent"
"2010","55","befolkningen_ellers","71","sysselsatte_innvkat","prosent"
"2010","55","innvandrere","68","sysselsatte_innvkat","prosent"
"2010","56","alle","73","sysselsatte_innvkat","prosent"
"2010","56","befolkningen_ellers","73","sysselsatte_innvkat","prosent"
"2010","56","innvandrere","69","sysselsatte_innvkat","prosent"
"2010","57","alle","67","sysselsatte_innvkat","prosent"
"2010","57","befolkningen_ellers","67","sysselsatte_innvkat","prosent"
"2010","57","innvandrere","62","sysselsatte_innvkat","prosent"
"2010","58","alle","70","sysselsatte_innvkat","prosent"
"2010","58","befolkningen_ellers","68","sysselsatte_innvkat","prosent"
"2010","58","innvandrere","78","sysselsatte_innvkat","prosent"
"2010","59","alle","72","sysselsatte_innvkat","prosent"
"2010","59","befolkningen_ellers","72","sysselsatte_innvkat","prosent"
"2010","59","innvandrere","66","sysselsatte_innvkat","prosent"
"2010","60","alle","69","sysselsatte_innvkat","prosent"
"2010","60","befolkningen_ellers","69","sysselsatte_innvkat","prosent"
"2010","60","innvandrere","60","sysselsatte_innvkat","prosent"
"2010","61","alle","70","sysselsatte_innvkat","prosent"
"2010","61","befolkningen_ellers","71","sysselsatte_innvkat","prosent"
"2010","61","innvandrere","61","sysselsatte_innvkat","prosent"
"2010","62","alle","72","sysselsatte_innvkat","prosent"
"2010","62","befolkningen_ellers","72","sysselsatte_innvkat","prosent"
"2010","62","innvandrere","75","sysselsatte_innvkat","prosent"
"2010","63","alle","68","sysselsatte_innvkat","prosent"
"2010","63","befolkningen_ellers","69","sysselsatte_innvkat","prosent"
"2010","63","innvandrere","57","sysselsatte_innvkat","prosent"
"2010","64","alle","67","sysselsatte_innvkat","prosent"
"2010","64","befolkningen_ellers","68","sysselsatte_innvkat","prosent"
"2010","64","innvandrere","52","sysselsatte_innvkat","prosent"
"2010","65","alle","73","sysselsatte_innvkat","prosent"
"2010","65","befolkningen_ellers","73","sysselsatte_innvkat","prosent"
"2010","65","innvandrere","65","sysselsatte_innvkat","prosent"
"2010","66","alle","70","sysselsatte_innvkat","prosent"
"2010","66","befolkningen_ellers","70","sysselsatte_innvkat","prosent"
"2010","66","innvandrere","72","sysselsatte_innvkat","prosent"
"2010","67","alle","70","sysselsatte_innvkat","prosent"
"2010","67","befolkningen_ellers","71","sysselsatte_innvkat","prosent"
"2010","67","innvandrere","58","sysselsatte_innvkat","prosent"
"2010","68","alle","67","sysselsatte_innvkat","prosent"
"2010","68","befolkningen_ellers","67","sysselsatte_innvkat","prosent"
"2010","68","innvandrere","59","sysselsatte_innvkat","prosent"
"2010","69","alle","66","sysselsatte_innvkat","prosent"
"2010","69","befolkningen_ellers","67","sysselsatte_innvkat","prosent"
"2010","69","innvandrere","58","sysselsatte_innvkat","prosent"
"2010","70","alle","70","sysselsatte_innvkat","prosent"
"2010","70","befolkningen_ellers","69","sysselsatte_innvkat","prosent"
"2010","70","innvandrere","87","sysselsatte_innvkat","prosent"
"2010","71","alle","68","sysselsatte_innvkat","prosent"
"2010","71","befolkningen_ellers","68","sysselsatte_innvkat","prosent"
"2010","71","innvandrere","59","sysselsatte_innvkat","prosent"
"2010","72","alle","66","sysselsatte_innvkat","prosent"
"2010","72","befolkningen_ellers","67","sysselsatte_innvkat","prosent"
"2010","72","innvandrere","63","sysselsatte_innvkat","prosent"
"2010","73","alle","70","sysselsatte_innvkat","prosent"
"2010","73","befolkningen_ellers","70","sysselsatte_innvkat","prosent"
"2010","73","innvandrere","62","sysselsatte_innvkat","prosent"
"2010","74","alle","65","sysselsatte_innvkat","prosent"
"2010","74","befolkningen_ellers","65","sysselsatte_innvkat","prosent"
"2010","74","innvandrere","64","sysselsatte_innvkat","prosent"
"2010","75","alle","68","sysselsatte_innvkat","prosent"
"2010","75","befolkningen_ellers","68","sysselsatte_innvkat","prosent"
"2010","75","innvandrere","65","sysselsatte_innvkat","prosent"
"2010","76","alle","66","sysselsatte_innvkat","prosent"
"2010","76","befolkningen_ellers","66","sysselsatte_innvkat","prosent"
"2010","76","innvandrere","61","sysselsatte_innvkat","prosent"
"2010","77","alle","66","sysselsatte_innvkat","prosent"
"2010","77","befolkningen_ellers","67","sysselsatte_innvkat","prosent"
"2010","77","innvandrere","57","sysselsatte_innvkat","prosent"
"2010","78","alle","68","sysselsatte_innvkat","prosent"
"2010","78","befolkningen_ellers","68","sysselsatte_innvkat","prosent"
"2010","78","innvandrere","61","sysselsatte_innvkat","prosent"
"2010","79","alle","71","sysselsatte_innvkat","prosent"
"2010","79","befolkningen_ellers","71","sysselsatte_innvkat","prosent"
"2010","79","innvandrere","69","sysselsatte_innvkat","prosent"
"2010","80","alle","65","sysselsatte_innvkat","prosent"
"2010","80","befolkningen_ellers","65","sysselsatte_innvkat","prosent"
"2010","80","innvandrere","63","sysselsatte_innvkat","prosent"
"2010","81","alle","69","sysselsatte_innvkat","prosent"
"2010","81","befolkningen_ellers","69","sysselsatte_innvkat","prosent"
"2010","81","innvandrere","72","sysselsatte_innvkat","prosent"
"2010","82","alle","66","sysselsatte_innvkat","prosent"
"2010","82","befolkningen_ellers","66","sysselsatte_innvkat","prosent"
"2010","82","innvandrere","70","sysselsatte_innvkat","prosent"
"2010","83","alle","69","sysselsatte_innvkat","prosent"
"2010","83","befolkningen_ellers","69","sysselsatte_innvkat","prosent"
"2010","83","innvandrere","67","sysselsatte_innvkat","prosent"
"2011","01","alle","63","sysselsatte_innvkat","prosent"
"2011","01","befolkningen_ellers","64","sysselsatte_innvkat","prosent"
"2011","01","innvandrere","51","sysselsatte_innvkat","prosent"
"2011","02","alle","66","sysselsatte_innvkat","prosent"
"2011","02","befolkningen_ellers","67","sysselsatte_innvkat","prosent"
"2011","02","innvandrere","58","sysselsatte_innvkat","prosent"
"2011","03","alle","65","sysselsatte_innvkat","prosent"
"2011","03","befolkningen_ellers","66","sysselsatte_innvkat","prosent"
"2011","03","innvandrere","57","sysselsatte_innvkat","prosent"
"2011","04","alle","64","sysselsatte_innvkat","prosent"
"2011","04","befolkningen_ellers","65","sysselsatte_innvkat","prosent"
"2011","04","innvandrere","54","sysselsatte_innvkat","prosent"
"2011","05","alle","71","sysselsatte_innvkat","prosent"
"2011","05","befolkningen_ellers","72","sysselsatte_innvkat","prosent"
"2011","05","innvandrere","66","sysselsatte_innvkat","prosent"
"2011","06","alle","70","sysselsatte_innvkat","prosent"
"2011","06","befolkningen_ellers","71","sysselsatte_innvkat","prosent"
"2011","06","innvandrere","65","sysselsatte_innvkat","prosent"
"2011","07","alle","71","sysselsatte_innvkat","prosent"
"2011","07","befolkningen_ellers","72","sysselsatte_innvkat","prosent"
"2011","07","innvandrere","64","sysselsatte_innvkat","prosent"
"2011","08","alle","70","sysselsatte_innvkat","prosent"
"2011","08","befolkningen_ellers","71","sysselsatte_innvkat","prosent"
"2011","08","innvandrere","67","sysselsatte_innvkat","prosent"
"2011","09","alle","70","sysselsatte_innvkat","prosent"
"2011","09","befolkningen_ellers","73","sysselsatte_innvkat","prosent"
"2011","09","innvandrere","61","sysselsatte_innvkat","prosent"
"2011","10","alle","74","sysselsatte_innvkat","prosent"
"2011","10","befolkningen_ellers","74","sysselsatte_innvkat","prosent"
"2011","10","innvandrere","66","sysselsatte_innvkat","prosent"
"2011","11","alle","61","sysselsatte_innvkat","prosent"
"2011","11","befolkningen_ellers","62","sysselsatte_innvkat","prosent"
"2011","11","innvandrere","54","sysselsatte_innvkat","prosent"
"2011","12","alle","66","sysselsatte_innvkat","prosent"
"2011","12","befolkningen_ellers","67","sysselsatte_innvkat","prosent"
"2011","12","innvandrere","59","sysselsatte_innvkat","prosent"
"2011","13","alle","65","sysselsatte_innvkat","prosent"
"2011","13","befolkningen_ellers","66","sysselsatte_innvkat","prosent"
"2011","13","innvandrere","55","sysselsatte_innvkat","prosent"
"2011","14","alle","66","sysselsatte_innvkat","prosent"
"2011","14","befolkningen_ellers","67","sysselsatte_innvkat","prosent"
"2011","14","innvandrere","58","sysselsatte_innvkat","prosent"
"2011","15","alle","69","sysselsatte_innvkat","prosent"
"2011","15","befolkningen_ellers","69","sysselsatte_innvkat","prosent"
"2011","15","innvandrere","63","sysselsatte_innvkat","prosent"
"2011","16","alle","69","sysselsatte_innvkat","prosent"
"2011","16","befolkningen_ellers","70","sysselsatte_innvkat","prosent"
"2011","16","innvandrere","62","sysselsatte_innvkat","prosent"
"2011","17","alle","69","sysselsatte_innvkat","prosent"
"2011","17","befolkningen_ellers","70","sysselsatte_innvkat","prosent"
"2011","17","innvandrere","61","sysselsatte_innvkat","prosent"
"2011","18","alle","69","sysselsatte_innvkat","prosent"
"2011","18","befolkningen_ellers","70","sysselsatte_innvkat","prosent"
"2011","18","innvandrere","59","sysselsatte_innvkat","prosent"
"2011","19","alle","71","sysselsatte_innvkat","prosent"
"2011","19","befolkningen_ellers","72","sysselsatte_innvkat","prosent"
"2011","19","innvandrere","62","sysselsatte_innvkat","prosent"
"2011","20","alle","68","sysselsatte_innvkat","prosent"
"2011","20","befolkningen_ellers","69","sysselsatte_innvkat","prosent"
"2011","20","innvandrere","62","sysselsatte_innvkat","prosent"
"2011","21","alle","74","sysselsatte_innvkat","prosent"
"2011","21","befolkningen_ellers","74","sysselsatte_innvkat","prosent"
"2011","21","innvandrere","71","sysselsatte_innvkat","prosent"
"2011","22","alle","72","sysselsatte_innvkat","prosent"
"2011","22","befolkningen_ellers","73","sysselsatte_innvkat","prosent"
"2011","22","innvandrere","68","sysselsatte_innvkat","prosent"
"2011","23","alle","69","sysselsatte_innvkat","prosent"
"2011","23","befolkningen_ellers","69","sysselsatte_innvkat","prosent"
"2011","23","innvandrere","63","sysselsatte_innvkat","prosent"
"2011","24","alle","68","sysselsatte_innvkat","prosent"
"2011","24","befolkningen_ellers","68","sysselsatte_innvkat","prosent"
"2011","24","innvandrere","64","sysselsatte_innvkat","prosent"
"2011","25","alle","67","sysselsatte_innvkat","prosent"
"2011","25","befolkningen_ellers","67","sysselsatte_innvkat","prosent"
"2011","25","innvandrere","61","sysselsatte_innvkat","prosent"
"2011","26","alle","65","sysselsatte_innvkat","prosent"
"2011","26","befolkningen_ellers","66","sysselsatte_innvkat","prosent"
"2011","26","innvandrere","59","sysselsatte_innvkat","prosent"
"2011","27","alle","64","sysselsatte_innvkat","prosent"
"2011","27","befolkningen_ellers","66","sysselsatte_innvkat","prosent"
"2011","27","innvandrere","54","sysselsatte_innvkat","prosent"
"2011","28","alle","65","sysselsatte_innvkat","prosent"
"2011","28","befolkningen_ellers","66","sysselsatte_innvkat","prosent"
"2011","28","innvandrere","52","sysselsatte_innvkat","prosent"
"2011","29","alle","66","sysselsatte_innvkat","prosent"
"2011","29","befolkningen_ellers","67","sysselsatte_innvkat","prosent"
"2011","29","innvandrere","60","sysselsatte_innvkat","prosent"
"2011","30","alle","72","sysselsatte_innvkat","prosent"
"2011","30","befolkningen_ellers","72","sysselsatte_innvkat","prosent"
"2011","30","innvandrere","68","sysselsatte_innvkat","prosent"
"2011","31","alle","70","sysselsatte_innvkat","prosent"
"2011","31","befolkningen_ellers","71","sysselsatte_innvkat","prosent"
"2011","31","innvandrere","62","sysselsatte_innvkat","prosent"
"2011","32","alle","65","sysselsatte_innvkat","prosent"
"2011","32","befolkningen_ellers","66","sysselsatte_innvkat","prosent"
"2011","32","innvandrere","58","sysselsatte_innvkat","prosent"
"2011","33","alle","69","sysselsatte_innvkat","prosent"
"2011","33","befolkningen_ellers","70","sysselsatte_innvkat","prosent"
"2011","33","innvandrere","60","sysselsatte_innvkat","prosent"
"2011","34","alle","67","sysselsatte_innvkat","prosent"
"2011","34","befolkningen_ellers","68","sysselsatte_innvkat","prosent"
"2011","34","innvandrere","59","sysselsatte_innvkat","prosent"
"2011","35","alle","68","sysselsatte_innvkat","prosent"
"2011","35","befolkningen_ellers","69","sysselsatte_innvkat","prosent"
"2011","35","innvandrere","60","sysselsatte_innvkat","prosent"
"2011","36","alle","72","sysselsatte_innvkat","prosent"
"2011","36","befolkningen_ellers","73","sysselsatte_innvkat","prosent"
"2011","36","innvandrere","67","sysselsatte_innvkat","prosent"
"2011","37","alle","70","sysselsatte_innvkat","prosent"
"2011","37","befolkningen_ellers","70","sysselsatte_innvkat","prosent"
"2011","37","innvandrere","66","sysselsatte_innvkat","prosent"
"2011","38","alle","74","sysselsatte_innvkat","prosent"
"2011","38","befolkningen_ellers","75","sysselsatte_innvkat","prosent"
"2011","38","innvandrere","73","sysselsatte_innvkat","prosent"
"2011","39","alle","74","sysselsatte_innvkat","prosent"
"2011","39","befolkningen_ellers","75","sysselsatte_innvkat","prosent"
"2011","39","innvandrere","70","sysselsatte_innvkat","prosent"
"2011","40","alle","70","sysselsatte_innvkat","prosent"
"2011","40","befolkningen_ellers","71","sysselsatte_innvkat","prosent"
"2011","40","innvandrere","64","sysselsatte_innvkat","prosent"
"2011","41","alle","73","sysselsatte_innvkat","prosent"
"2011","41","befolkningen_ellers","73","sysselsatte_innvkat","prosent"
"2011","41","innvandrere","69","sysselsatte_innvkat","prosent"
"2011","42","alle","70","sysselsatte_innvkat","prosent"
"2011","42","befolkningen_ellers","71","sysselsatte_innvkat","prosent"
"2011","42","innvandrere","67","sysselsatte_innvkat","prosent"
"2011","43","alle","73","sysselsatte_innvkat","prosent"
"2011","43","befolkningen_ellers","74","sysselsatte_innvkat","prosent"
"2011","43","innvandrere","63","sysselsatte_innvkat","prosent"
"2011","44","alle","71","sysselsatte_innvkat","prosent"
"2011","44","befolkningen_ellers","72","sysselsatte_innvkat","prosent"
"2011","44","innvandrere","70","sysselsatte_innvkat","prosent"
"2011","45","alle","69","sysselsatte_innvkat","prosent"
"2011","45","befolkningen_ellers","70","sysselsatte_innvkat","prosent"
"2011","45","innvandrere","68","sysselsatte_innvkat","prosent"
"2011","46","alle","71","sysselsatte_innvkat","prosent"
"2011","46","befolkningen_ellers","72","sysselsatte_innvkat","prosent"
"2011","46","innvandrere","66","sysselsatte_innvkat","prosent"
"2011","47","alle","71","sysselsatte_innvkat","prosent"
"2011","47","befolkningen_ellers","72","sysselsatte_innvkat","prosent"
"2011","47","innvandrere","67","sysselsatte_innvkat","prosent"
"2011","48","alle","71","sysselsatte_innvkat","prosent"
"2011","48","befolkningen_ellers","70","sysselsatte_innvkat","prosent"
"2011","48","innvandrere","74","sysselsatte_innvkat","prosent"
"2011","49","alle","73","sysselsatte_innvkat","prosent"
"2011","49","befolkningen_ellers","73","sysselsatte_innvkat","prosent"
"2011","49","innvandrere","72","sysselsatte_innvkat","prosent"
"2011","50","alle","72","sysselsatte_innvkat","prosent"
"2011","50","befolkningen_ellers","72","sysselsatte_innvkat","prosent"
"2011","50","innvandrere","71","sysselsatte_innvkat","prosent"
"2011","51","alle","75","sysselsatte_innvkat","prosent"
"2011","51","befolkningen_ellers","75","sysselsatte_innvkat","prosent"
"2011","51","innvandrere","69","sysselsatte_innvkat","prosent"
"2011","52","alle","68","sysselsatte_innvkat","prosent"
"2011","52","befolkningen_ellers","69","sysselsatte_innvkat","prosent"
"2011","52","innvandrere","65","sysselsatte_innvkat","prosent"
"2011","53","alle","71","sysselsatte_innvkat","prosent"
"2011","53","befolkningen_ellers","71","sysselsatte_innvkat","prosent"
"2011","53","innvandrere","69","sysselsatte_innvkat","prosent"
"2011","54","alle","75","sysselsatte_innvkat","prosent"
"2011","54","befolkningen_ellers","75","sysselsatte_innvkat","prosent"
"2011","54","innvandrere","75","sysselsatte_innvkat","prosent"
"2011","55","alle","70","sysselsatte_innvkat","prosent"
"2011","55","befolkningen_ellers","71","sysselsatte_innvkat","prosent"
"2011","55","innvandrere","68","sysselsatte_innvkat","prosent"
"2011","56","alle","73","sysselsatte_innvkat","prosent"
"2011","56","befolkningen_ellers","73","sysselsatte_innvkat","prosent"
"2011","56","innvandrere","72","sysselsatte_innvkat","prosent"
"2011","57","alle","67","sysselsatte_innvkat","prosent"
"2011","57","befolkningen_ellers","67","sysselsatte_innvkat","prosent"
"2011","57","innvandrere","65","sysselsatte_innvkat","prosent"
"2011","58","alle","69","sysselsatte_innvkat","prosent"
"2011","58","befolkningen_ellers","67","sysselsatte_innvkat","prosent"
"2011","58","innvandrere","77","sysselsatte_innvkat","prosent"
"2011","59","alle","71","sysselsatte_innvkat","prosent"
"2011","59","befolkningen_ellers","71","sysselsatte_innvkat","prosent"
"2011","59","innvandrere","70","sysselsatte_innvkat","prosent"
"2011","60","alle","69","sysselsatte_innvkat","prosent"
"2011","60","befolkningen_ellers","69","sysselsatte_innvkat","prosent"
"2011","60","innvandrere","59","sysselsatte_innvkat","prosent"
"2011","61","alle","70","sysselsatte_innvkat","prosent"
"2011","61","befolkningen_ellers","71","sysselsatte_innvkat","prosent"
"2011","61","innvandrere","61","sysselsatte_innvkat","prosent"
"2011","62","alle","72","sysselsatte_innvkat","prosent"
"2011","62","befolkningen_ellers","72","sysselsatte_innvkat","prosent"
"2011","62","innvandrere","73","sysselsatte_innvkat","prosent"
"2011","63","alle","68","sysselsatte_innvkat","prosent"
"2011","63","befolkningen_ellers","69","sysselsatte_innvkat","prosent"
"2011","63","innvandrere","57","sysselsatte_innvkat","prosent"
"2011","64","alle","67","sysselsatte_innvkat","prosent"
"2011","64","befolkningen_ellers","68","sysselsatte_innvkat","prosent"
"2011","64","innvandrere","58","sysselsatte_innvkat","prosent"
"2011","65","alle","72","sysselsatte_innvkat","prosent"
"2011","65","befolkningen_ellers","72","sysselsatte_innvkat","prosent"
"2011","65","innvandrere","65","sysselsatte_innvkat","prosent"
"2011","66","alle","70","sysselsatte_innvkat","prosent"
"2011","66","befolkningen_ellers","70","sysselsatte_innvkat","prosent"
"2011","66","innvandrere","70","sysselsatte_innvkat","prosent"
"2011","67","alle","70","sysselsatte_innvkat","prosent"
"2011","67","befolkningen_ellers","71","sysselsatte_innvkat","prosent"
"2011","67","innvandrere","59","sysselsatte_innvkat","prosent"
"2011","68","alle","67","sysselsatte_innvkat","prosent"
"2011","68","befolkningen_ellers","68","sysselsatte_innvkat","prosent"
"2011","68","innvandrere","62","sysselsatte_innvkat","prosent"
"2011","69","alle","66","sysselsatte_innvkat","prosent"
"2011","69","befolkningen_ellers","67","sysselsatte_innvkat","prosent"
"2011","69","innvandrere","59","sysselsatte_innvkat","prosent"
"2011","70","alle","70","sysselsatte_innvkat","prosent"
"2011","70","befolkningen_ellers","69","sysselsatte_innvkat","prosent"
"2011","70","innvandrere","85","sysselsatte_innvkat","prosent"
"2011","71","alle","68","sysselsatte_innvkat","prosent"
"2011","71","befolkningen_ellers","68","sysselsatte_innvkat","prosent"
"2011","71","innvandrere","60","sysselsatte_innvkat","prosent"
"2011","72","alle","67","sysselsatte_innvkat","prosent"
"2011","72","befolkningen_ellers","68","sysselsatte_innvkat","prosent"
"2011","72","innvandrere","63","sysselsatte_innvkat","prosent"
"2011","73","alle","70","sysselsatte_innvkat","prosent"
"2011","73","befolkningen_ellers","70","sysselsatte_innvkat","prosent"
"2011","73","innvandrere","63","sysselsatte_innvkat","prosent"
"2011","74","alle","65","sysselsatte_innvkat","prosent"
"2011","74","befolkningen_ellers","65","sysselsatte_innvkat","prosent"
"2011","74","innvandrere","62","sysselsatte_innvkat","prosent"
"2011","75","alle","68","sysselsatte_innvkat","prosent"
"2011","75","befolkningen_ellers","68","sysselsatte_innvkat","prosent"
"2011","75","innvandrere","68","sysselsatte_innvkat","prosent"
"2011","76","alle","66","sysselsatte_innvkat","prosent"
"2011","76","befolkningen_ellers","66","sysselsatte_innvkat","prosent"
"2011","76","innvandrere","61","sysselsatte_innvkat","prosent"
"2011","77","alle","67","sysselsatte_innvkat","prosent"
"2011","77","befolkningen_ellers","67","sysselsatte_innvkat","prosent"
"2011","77","innvandrere","58","sysselsatte_innvkat","prosent"
"2011","78","alle","68","sysselsatte_innvkat","prosent"
"2011","78","befolkningen_ellers","69","sysselsatte_innvkat","prosent"
"2011","78","innvandrere","62","sysselsatte_innvkat","prosent"
"2011","79","alle","71","sysselsatte_innvkat","prosent"
"2011","79","befolkningen_ellers","72","sysselsatte_innvkat","prosent"
"2011","79","innvandrere","68","sysselsatte_innvkat","prosent"
"2011","80","alle","65","sysselsatte_innvkat","prosent"
"2011","80","befolkningen_ellers","65","sysselsatte_innvkat","prosent"
"2011","80","innvandrere","66","sysselsatte_innvkat","prosent"
"2011","81","alle","69","sysselsatte_innvkat","prosent"
"2011","81","befolkningen_ellers","69","sysselsatte_innvkat","prosent"
"2011","81","innvandrere","70","sysselsatte_innvkat","prosent"
"2011","82","alle","67","sysselsatte_innvkat","prosent"
"2011","82","befolkningen_ellers","67","sysselsatte_innvkat","prosent"
"2011","82","innvandrere","73","sysselsatte_innvkat","prosent"
"2011","83","alle","69","sysselsatte_innvkat","prosent"
"2011","83","befolkningen_ellers","69","sysselsatte_innvkat","prosent"
"2011","83","innvandrere","66","sysselsatte_innvkat","prosent"
"2012","01","alle","61","sysselsatte_innvkat","prosent"
"2012","01","befolkningen_ellers","63","sysselsatte_innvkat","prosent"
"2012","01","innvandrere","51","sysselsatte_innvkat","prosent"
"2012","02","alle","66","sysselsatte_innvkat","prosent"
"2012","02","befolkningen_ellers","67","sysselsatte_innvkat","prosent"
"2012","02","innvandrere","58","sysselsatte_innvkat","prosent"
"2012","03","alle","65","sysselsatte_innvkat","prosent"
"2012","03","befolkningen_ellers","66","sysselsatte_innvkat","prosent"
"2012","03","innvandrere","58","sysselsatte_innvkat","prosent"
"2012","04","alle","63","sysselsatte_innvkat","prosent"
"2012","04","befolkningen_ellers","64","sysselsatte_innvkat","prosent"
"2012","04","innvandrere","54","sysselsatte_innvkat","prosent"
"2012","05","alle","71","sysselsatte_innvkat","prosent"
"2012","05","befolkningen_ellers","72","sysselsatte_innvkat","prosent"
"2012","05","innvandrere","66","sysselsatte_innvkat","prosent"
"2012","06","alle","69","sysselsatte_innvkat","prosent"
"2012","06","befolkningen_ellers","70","sysselsatte_innvkat","prosent"
"2012","06","innvandrere","65","sysselsatte_innvkat","prosent"
"2012","07","alle","70","sysselsatte_innvkat","prosent"
"2012","07","befolkningen_ellers","71","sysselsatte_innvkat","prosent"
"2012","07","innvandrere","65","sysselsatte_innvkat","prosent"
"2012","08","alle","70","sysselsatte_innvkat","prosent"
"2012","08","befolkningen_ellers","71","sysselsatte_innvkat","prosent"
"2012","08","innvandrere","68","sysselsatte_innvkat","prosent"
"2012","09","alle","69","sysselsatte_innvkat","prosent"
"2012","09","befolkningen_ellers","73","sysselsatte_innvkat","prosent"
"2012","09","innvandrere","61","sysselsatte_innvkat","prosent"
"2012","10","alle","72","sysselsatte_innvkat","prosent"
"2012","10","befolkningen_ellers","73","sysselsatte_innvkat","prosent"
"2012","10","innvandrere","63","sysselsatte_innvkat","prosent"
"2012","11","alle","61","sysselsatte_innvkat","prosent"
"2012","11","befolkningen_ellers","62","sysselsatte_innvkat","prosent"
"2012","11","innvandrere","53","sysselsatte_innvkat","prosent"
"2012","12","alle","66","sysselsatte_innvkat","prosent"
"2012","12","befolkningen_ellers","67","sysselsatte_innvkat","prosent"
"2012","12","innvandrere","58","sysselsatte_innvkat","prosent"
"2012","13","alle","65","sysselsatte_innvkat","prosent"
"2012","13","befolkningen_ellers","66","sysselsatte_innvkat","prosent"
"2012","13","innvandrere","53","sysselsatte_innvkat","prosent"
"2012","14","alle","65","sysselsatte_innvkat","prosent"
"2012","14","befolkningen_ellers","66","sysselsatte_innvkat","prosent"
"2012","14","innvandrere","57","sysselsatte_innvkat","prosent"
"2012","15","alle","68","sysselsatte_innvkat","prosent"
"2012","15","befolkningen_ellers","69","sysselsatte_innvkat","prosent"
"2012","15","innvandrere","60","sysselsatte_innvkat","prosent"
"2012","16","alle","69","sysselsatte_innvkat","prosent"
"2012","16","befolkningen_ellers","70","sysselsatte_innvkat","prosent"
"2012","16","innvandrere","60","sysselsatte_innvkat","prosent"
"2012","17","alle","68","sysselsatte_innvkat","prosent"
"2012","17","befolkningen_ellers","69","sysselsatte_innvkat","prosent"
"2012","17","innvandrere","61","sysselsatte_innvkat","prosent"
"2012","18","alle","69","sysselsatte_innvkat","prosent"
"2012","18","befolkningen_ellers","70","sysselsatte_innvkat","prosent"
"2012","18","innvandrere","57","sysselsatte_innvkat","prosent"
"2012","19","alle","71","sysselsatte_innvkat","prosent"
"2012","19","befolkningen_ellers","72","sysselsatte_innvkat","prosent"
"2012","19","innvandrere","62","sysselsatte_innvkat","prosent"
"2012","20","alle","68","sysselsatte_innvkat","prosent"
"2012","20","befolkningen_ellers","69","sysselsatte_innvkat","prosent"
"2012","20","innvandrere","62","sysselsatte_innvkat","prosent"
"2012","21","alle","73","sysselsatte_innvkat","prosent"
"2012","21","befolkningen_ellers","74","sysselsatte_innvkat","prosent"
"2012","21","innvandrere","69","sysselsatte_innvkat","prosent"
"2012","22","alle","72","sysselsatte_innvkat","prosent"
"2012","22","befolkningen_ellers","72","sysselsatte_innvkat","prosent"
"2012","22","innvandrere","67","sysselsatte_innvkat","prosent"
"2012","23","alle","68","sysselsatte_innvkat","prosent"
"2012","23","befolkningen_ellers","69","sysselsatte_innvkat","prosent"
"2012","23","innvandrere","62","sysselsatte_innvkat","prosent"
"2012","24","alle","67","sysselsatte_innvkat","prosent"
"2012","24","befolkningen_ellers","67","sysselsatte_innvkat","prosent"
"2012","24","innvandrere","62","sysselsatte_innvkat","prosent"
"2012","25","alle","66","sysselsatte_innvkat","prosent"
"2012","25","befolkningen_ellers","67","sysselsatte_innvkat","prosent"
"2012","25","innvandrere","62","sysselsatte_innvkat","prosent"
"2012","26","alle","64","sysselsatte_innvkat","prosent"
"2012","26","befolkningen_ellers","65","sysselsatte_innvkat","prosent"
"2012","26","innvandrere","59","sysselsatte_innvkat","prosent"
"2012","27","alle","64","sysselsatte_innvkat","prosent"
"2012","27","befolkningen_ellers","65","sysselsatte_innvkat","prosent"
"2012","27","innvandrere","53","sysselsatte_innvkat","prosent"
"2012","28","alle","65","sysselsatte_innvkat","prosent"
"2012","28","befolkningen_ellers","66","sysselsatte_innvkat","prosent"
"2012","28","innvandrere","52","sysselsatte_innvkat","prosent"
"2012","29","alle","66","sysselsatte_innvkat","prosent"
"2012","29","befolkningen_ellers","66","sysselsatte_innvkat","prosent"
"2012","29","innvandrere","58","sysselsatte_innvkat","prosent"
"2012","30","alle","72","sysselsatte_innvkat","prosent"
"2012","30","befolkningen_ellers","72","sysselsatte_innvkat","prosent"
"2012","30","innvandrere","68","sysselsatte_innvkat","prosent"
"2012","31","alle","69","sysselsatte_innvkat","prosent"
"2012","31","befolkningen_ellers","71","sysselsatte_innvkat","prosent"
"2012","31","innvandrere","59","sysselsatte_innvkat","prosent"
"2012","32","alle","65","sysselsatte_innvkat","prosent"
"2012","32","befolkningen_ellers","66","sysselsatte_innvkat","prosent"
"2012","32","innvandrere","58","sysselsatte_innvkat","prosent"
"2012","33","alle","69","sysselsatte_innvkat","prosent"
"2012","33","befolkningen_ellers","69","sysselsatte_innvkat","prosent"
"2012","33","innvandrere","61","sysselsatte_innvkat","prosent"
"2012","34","alle","67","sysselsatte_innvkat","prosent"
"2012","34","befolkningen_ellers","68","sysselsatte_innvkat","prosent"
"2012","34","innvandrere","56","sysselsatte_innvkat","prosent"
"2012","35","alle","67","sysselsatte_innvkat","prosent"
"2012","35","befolkningen_ellers","69","sysselsatte_innvkat","prosent"
"2012","35","innvandrere","60","sysselsatte_innvkat","prosent"
"2012","36","alle","73","sysselsatte_innvkat","prosent"
"2012","36","befolkningen_ellers","73","sysselsatte_innvkat","prosent"
"2012","36","innvandrere","70","sysselsatte_innvkat","prosent"
"2012","37","alle","69","sysselsatte_innvkat","prosent"
"2012","37","befolkningen_ellers","70","sysselsatte_innvkat","prosent"
"2012","37","innvandrere","65","sysselsatte_innvkat","prosent"
"2012","38","alle","73","sysselsatte_innvkat","prosent"
"2012","38","befolkningen_ellers","74","sysselsatte_innvkat","prosent"
"2012","38","innvandrere","71","sysselsatte_innvkat","prosent"
"2012","39","alle","74","sysselsatte_innvkat","prosent"
"2012","39","befolkningen_ellers","75","sysselsatte_innvkat","prosent"
"2012","39","innvandrere","71","sysselsatte_innvkat","prosent"
"2012","40","alle","70","sysselsatte_innvkat","prosent"
"2012","40","befolkningen_ellers","71","sysselsatte_innvkat","prosent"
"2012","40","innvandrere","65","sysselsatte_innvkat","prosent"
"2012","41","alle","72","sysselsatte_innvkat","prosent"
"2012","41","befolkningen_ellers","72","sysselsatte_innvkat","prosent"
"2012","41","innvandrere","70","sysselsatte_innvkat","prosent"
"2012","42","alle","70","sysselsatte_innvkat","prosent"
"2012","42","befolkningen_ellers","70","sysselsatte_innvkat","prosent"
"2012","42","innvandrere","66","sysselsatte_innvkat","prosent"
"2012","43","alle","72","sysselsatte_innvkat","prosent"
"2012","43","befolkningen_ellers","73","sysselsatte_innvkat","prosent"
"2012","43","innvandrere","63","sysselsatte_innvkat","prosent"
"2012","44","alle","71","sysselsatte_innvkat","prosent"
"2012","44","befolkningen_ellers","71","sysselsatte_innvkat","prosent"
"2012","44","innvandrere","70","sysselsatte_innvkat","prosent"
"2012","45","alle","69","sysselsatte_innvkat","prosent"
"2012","45","befolkningen_ellers","69","sysselsatte_innvkat","prosent"
"2012","45","innvandrere","66","sysselsatte_innvkat","prosent"
"2012","46","alle","71","sysselsatte_innvkat","prosent"
"2012","46","befolkningen_ellers","71","sysselsatte_innvkat","prosent"
"2012","46","innvandrere","67","sysselsatte_innvkat","prosent"
"2012","47","alle","71","sysselsatte_innvkat","prosent"
"2012","47","befolkningen_ellers","71","sysselsatte_innvkat","prosent"
"2012","47","innvandrere","68","sysselsatte_innvkat","prosent"
"2012","48","alle","71","sysselsatte_innvkat","prosent"
"2012","48","befolkningen_ellers","71","sysselsatte_innvkat","prosent"
"2012","48","innvandrere","73","sysselsatte_innvkat","prosent"
"2012","49","alle","72","sysselsatte_innvkat","prosent"
"2012","49","befolkningen_ellers","72","sysselsatte_innvkat","prosent"
"2012","49","innvandrere","69","sysselsatte_innvkat","prosent"
"2012","50","alle","71","sysselsatte_innvkat","prosent"
"2012","50","befolkningen_ellers","72","sysselsatte_innvkat","prosent"
"2012","50","innvandrere","69","sysselsatte_innvkat","prosent"
"2012","51","alle","74","sysselsatte_innvkat","prosent"
"2012","51","befolkningen_ellers","75","sysselsatte_innvkat","prosent"
"2012","51","innvandrere","66","sysselsatte_innvkat","prosent"
"2012","52","alle","68","sysselsatte_innvkat","prosent"
"2012","52","befolkningen_ellers","69","sysselsatte_innvkat","prosent"
"2012","52","innvandrere","65","sysselsatte_innvkat","prosent"
"2012","53","alle","71","sysselsatte_innvkat","prosent"
"2012","53","befolkningen_ellers","71","sysselsatte_innvkat","prosent"
"2012","53","innvandrere","69","sysselsatte_innvkat","prosent"
"2012","54","alle","75","sysselsatte_innvkat","prosent"
"2012","54","befolkningen_ellers","75","sysselsatte_innvkat","prosent"
"2012","54","innvandrere","75","sysselsatte_innvkat","prosent"
"2012","55","alle","70","sysselsatte_innvkat","prosent"
"2012","55","befolkningen_ellers","70","sysselsatte_innvkat","prosent"
"2012","55","innvandrere","68","sysselsatte_innvkat","prosent"
"2012","56","alle","72","sysselsatte_innvkat","prosent"
"2012","56","befolkningen_ellers","73","sysselsatte_innvkat","prosent"
"2012","56","innvandrere","70","sysselsatte_innvkat","prosent"
"2012","57","alle","67","sysselsatte_innvkat","prosent"
"2012","57","befolkningen_ellers","67","sysselsatte_innvkat","prosent"
"2012","57","innvandrere","66","sysselsatte_innvkat","prosent"
"2012","58","alle","68","sysselsatte_innvkat","prosent"
"2012","58","befolkningen_ellers","67","sysselsatte_innvkat","prosent"
"2012","58","innvandrere","75","sysselsatte_innvkat","prosent"
"2012","59","alle","70","sysselsatte_innvkat","prosent"
"2012","59","befolkningen_ellers","71","sysselsatte_innvkat","prosent"
"2012","59","innvandrere","63","sysselsatte_innvkat","prosent"
"2012","60","alle","68","sysselsatte_innvkat","prosent"
"2012","60","befolkningen_ellers","69","sysselsatte_innvkat","prosent"
"2012","60","innvandrere","59","sysselsatte_innvkat","prosent"
"2012","61","alle","70","sysselsatte_innvkat","prosent"
"2012","61","befolkningen_ellers","71","sysselsatte_innvkat","prosent"
"2012","61","innvandrere","61","sysselsatte_innvkat","prosent"
"2012","62","alle","70","sysselsatte_innvkat","prosent"
"2012","62","befolkningen_ellers","70","sysselsatte_innvkat","prosent"
"2012","62","innvandrere","72","sysselsatte_innvkat","prosent"
"2012","63","alle","68","sysselsatte_innvkat","prosent"
"2012","63","befolkningen_ellers","69","sysselsatte_innvkat","prosent"
"2012","63","innvandrere","58","sysselsatte_innvkat","prosent"
"2012","64","alle","67","sysselsatte_innvkat","prosent"
"2012","64","befolkningen_ellers","68","sysselsatte_innvkat","prosent"
"2012","64","innvandrere","63","sysselsatte_innvkat","prosent"
"2012","65","alle","71","sysselsatte_innvkat","prosent"
"2012","65","befolkningen_ellers","72","sysselsatte_innvkat","prosent"
"2012","65","innvandrere","62","sysselsatte_innvkat","prosent"
"2012","66","alle","70","sysselsatte_innvkat","prosent"
"2012","66","befolkningen_ellers","70","sysselsatte_innvkat","prosent"
"2012","66","innvandrere","68","sysselsatte_innvkat","prosent"
"2012","67","alle","70","sysselsatte_innvkat","prosent"
"2012","67","befolkningen_ellers","71","sysselsatte_innvkat","prosent"
"2012","67","innvandrere","58","sysselsatte_innvkat","prosent"
"2012","68","alle","67","sysselsatte_innvkat","prosent"
"2012","68","befolkningen_ellers","68","sysselsatte_innvkat","prosent"
"2012","68","innvandrere","59","sysselsatte_innvkat","prosent"
"2012","69","alle","66","sysselsatte_innvkat","prosent"
"2012","69","befolkningen_ellers","66","sysselsatte_innvkat","prosent"
"2012","69","innvandrere","60","sysselsatte_innvkat","prosent"
"2012","70","alle","70","sysselsatte_innvkat","prosent"
"2012","70","befolkningen_ellers","69","sysselsatte_innvkat","prosent"
"2012","70","innvandrere","84","sysselsatte_innvkat","prosent"
"2012","71","alle","68","sysselsatte_innvkat","prosent"
"2012","71","befolkningen_ellers","68","sysselsatte_innvkat","prosent"
"2012","71","innvandrere","61","sysselsatte_innvkat","prosent"
"2012","72","alle","66","sysselsatte_innvkat","prosent"
"2012","72","befolkningen_ellers","67","sysselsatte_innvkat","prosent"
"2012","72","innvandrere","61","sysselsatte_innvkat","prosent"
"2012","73","alle","69","sysselsatte_innvkat","prosent"
"2012","73","befolkningen_ellers","69","sysselsatte_innvkat","prosent"
"2012","73","innvandrere","62","sysselsatte_innvkat","prosent"
"2012","74","alle","64","sysselsatte_innvkat","prosent"
"2012","74","befolkningen_ellers","65","sysselsatte_innvkat","prosent"
"2012","74","innvandrere","62","sysselsatte_innvkat","prosent"
"2012","75","alle","67","sysselsatte_innvkat","prosent"
"2012","75","befolkningen_ellers","68","sysselsatte_innvkat","prosent"
"2012","75","innvandrere","64","sysselsatte_innvkat","prosent"
"2012","76","alle","65","sysselsatte_innvkat","prosent"
"2012","76","befolkningen_ellers","65","sysselsatte_innvkat","prosent"
"2012","76","innvandrere","58","sysselsatte_innvkat","prosent"
"2012","77","alle","66","sysselsatte_innvkat","prosent"
"2012","77","befolkningen_ellers","67","sysselsatte_innvkat","prosent"
"2012","77","innvandrere","57","sysselsatte_innvkat","prosent"
"2012","78","alle","68","sysselsatte_innvkat","prosent"
"2012","78","befolkningen_ellers","68","sysselsatte_innvkat","prosent"
"2012","78","innvandrere","62","sysselsatte_innvkat","prosent"
"2012","79","alle","71","sysselsatte_innvkat","prosent"
"2012","79","befolkningen_ellers","71","sysselsatte_innvkat","prosent"
"2012","79","innvandrere","67","sysselsatte_innvkat","prosent"
"2012","80","alle","65","sysselsatte_innvkat","prosent"
"2012","80","befolkningen_ellers","65","sysselsatte_innvkat","prosent"
"2012","80","innvandrere","62","sysselsatte_innvkat","prosent"
"2012","81","alle","69","sysselsatte_innvkat","prosent"
"2012","81","befolkningen_ellers","68","sysselsatte_innvkat","prosent"
"2012","81","innvandrere","71","sysselsatte_innvkat","prosent"
"2012","82","alle","67","sysselsatte_innvkat","prosent"
"2012","82","befolkningen_ellers","66","sysselsatte_innvkat","prosent"
"2012","82","innvandrere","72","sysselsatte_innvkat","prosent"
"2012","83","alle","68","sysselsatte_innvkat","prosent"
"2012","83","befolkningen_ellers","68","sysselsatte_innvkat","prosent"
"2012","83","innvandrere","65","sysselsatte_innvkat","prosent"
"2013","01","alle","61","sysselsatte_innvkat","prosent"
"2013","01","befolkningen_ellers","63","sysselsatte_innvkat","prosent"
"2013","01","innvandrere","51","sysselsatte_innvkat","prosent"
"2013","02","alle","65","sysselsatte_innvkat","prosent"
"2013","02","befolkningen_ellers","66","sysselsatte_innvkat","prosent"
"2013","02","innvandrere","59","sysselsatte_innvkat","prosent"
"2013","03","alle","64","sysselsatte_innvkat","prosent"
"2013","03","befolkningen_ellers","65","sysselsatte_innvkat","prosent"
"2013","03","innvandrere","58","sysselsatte_innvkat","prosent"
"2013","04","alle","63","sysselsatte_innvkat","prosent"
"2013","04","befolkningen_ellers","64","sysselsatte_innvkat","prosent"
"2013","04","innvandrere","54","sysselsatte_innvkat","prosent"
"2013","05","alle","71","sysselsatte_innvkat","prosent"
"2013","05","befolkningen_ellers","72","sysselsatte_innvkat","prosent"
"2013","05","innvandrere","66","sysselsatte_innvkat","prosent"
"2013","06","alle","69","sysselsatte_innvkat","prosent"
"2013","06","befolkningen_ellers","70","sysselsatte_innvkat","prosent"
"2013","06","innvandrere","65","sysselsatte_innvkat","prosent"
"2013","07","alle","70","sysselsatte_innvkat","prosent"
"2013","07","befolkningen_ellers","71","sysselsatte_innvkat","prosent"
"2013","07","innvandrere","65","sysselsatte_innvkat","prosent"
"2013","08","alle","70","sysselsatte_innvkat","prosent"
"2013","08","befolkningen_ellers","70","sysselsatte_innvkat","prosent"
"2013","08","innvandrere","67","sysselsatte_innvkat","prosent"
"2013","09","alle","69","sysselsatte_innvkat","prosent"
"2013","09","befolkningen_ellers","73","sysselsatte_innvkat","prosent"
"2013","09","innvandrere","62","sysselsatte_innvkat","prosent"
"2013","10","alle","72","sysselsatte_innvkat","prosent"
"2013","10","befolkningen_ellers","72","sysselsatte_innvkat","prosent"
"2013","10","innvandrere","63","sysselsatte_innvkat","prosent"
"2013","11","alle","61","sysselsatte_innvkat","prosent"
"2013","11","befolkningen_ellers","61","sysselsatte_innvkat","prosent"
"2013","11","innvandrere","53","sysselsatte_innvkat","prosent"
"2013","12","alle","66","sysselsatte_innvkat","prosent"
"2013","12","befolkningen_ellers","66","sysselsatte_innvkat","prosent"
"2013","12","innvandrere","59","sysselsatte_innvkat","prosent"
"2013","13","alle","65","sysselsatte_innvkat","prosent"
"2013","13","befolkningen_ellers","66","sysselsatte_innvkat","prosent"
"2013","13","innvandrere","52","sysselsatte_innvkat","prosent"
"2013","14","alle","65","sysselsatte_innvkat","prosent"
"2013","14","befolkningen_ellers","66","sysselsatte_innvkat","prosent"
"2013","14","innvandrere","57","sysselsatte_innvkat","prosent"
"2013","15","alle","67","sysselsatte_innvkat","prosent"
"2013","15","befolkningen_ellers","68","sysselsatte_innvkat","prosent"
"2013","15","innvandrere","59","sysselsatte_innvkat","prosent"
"2013","16","alle","69","sysselsatte_innvkat","prosent"
"2013","16","befolkningen_ellers","70","sysselsatte_innvkat","prosent"
"2013","16","innvandrere","62","sysselsatte_innvkat","prosent"
"2013","17","alle","68","sysselsatte_innvkat","prosent"
"2013","17","befolkningen_ellers","69","sysselsatte_innvkat","prosent"
"2013","17","innvandrere","63","sysselsatte_innvkat","prosent"
"2013","18","alle","69","sysselsatte_innvkat","prosent"
"2013","18","befolkningen_ellers","69","sysselsatte_innvkat","prosent"
"2013","18","innvandrere","57","sysselsatte_innvkat","prosent"
"2013","19","alle","71","sysselsatte_innvkat","prosent"
"2013","19","befolkningen_ellers","72","sysselsatte_innvkat","prosent"
"2013","19","innvandrere","60","sysselsatte_innvkat","prosent"
"2013","20","alle","68","sysselsatte_innvkat","prosent"
"2013","20","befolkningen_ellers","69","sysselsatte_innvkat","prosent"
"2013","20","innvandrere","63","sysselsatte_innvkat","prosent"
"2013","21","alle","73","sysselsatte_innvkat","prosent"
"2013","21","befolkningen_ellers","74","sysselsatte_innvkat","prosent"
"2013","21","innvandrere","70","sysselsatte_innvkat","prosent"
"2013","22","alle","71","sysselsatte_innvkat","prosent"
"2013","22","befolkningen_ellers","72","sysselsatte_innvkat","prosent"
"2013","22","innvandrere","67","sysselsatte_innvkat","prosent"
"2013","23","alle","68","sysselsatte_innvkat","prosent"
"2013","23","befolkningen_ellers","68","sysselsatte_innvkat","prosent"
"2013","23","innvandrere","63","sysselsatte_innvkat","prosent"
"2013","24","alle","67","sysselsatte_innvkat","prosent"
"2013","24","befolkningen_ellers","67","sysselsatte_innvkat","prosent"
"2013","24","innvandrere","63","sysselsatte_innvkat","prosent"
"2013","25","alle","66","sysselsatte_innvkat","prosent"
"2013","25","befolkningen_ellers","67","sysselsatte_innvkat","prosent"
"2013","25","innvandrere","62","sysselsatte_innvkat","prosent"
"2013","26","alle","64","sysselsatte_innvkat","prosent"
"2013","26","befolkningen_ellers","65","sysselsatte_innvkat","prosent"
"2013","26","innvandrere","59","sysselsatte_innvkat","prosent"
"2013","27","alle","64","sysselsatte_innvkat","prosent"
"2013","27","befolkningen_ellers","65","sysselsatte_innvkat","prosent"
"2013","27","innvandrere","54","sysselsatte_innvkat","prosent"
"2013","28","alle","64","sysselsatte_innvkat","prosent"
"2013","28","befolkningen_ellers","66","sysselsatte_innvkat","prosent"
"2013","28","innvandrere","52","sysselsatte_innvkat","prosent"
"2013","29","alle","65","sysselsatte_innvkat","prosent"
"2013","29","befolkningen_ellers","66","sysselsatte_innvkat","prosent"
"2013","29","innvandrere","57","sysselsatte_innvkat","prosent"
"2013","30","alle","72","sysselsatte_innvkat","prosent"
"2013","30","befolkningen_ellers","73","sysselsatte_innvkat","prosent"
"2013","30","innvandrere","67","sysselsatte_innvkat","prosent"
"2013","31","alle","69","sysselsatte_innvkat","prosent"
"2013","31","befolkningen_ellers","70","sysselsatte_innvkat","prosent"
"2013","31","innvandrere","61","sysselsatte_innvkat","prosent"
"2013","32","alle","64","sysselsatte_innvkat","prosent"
"2013","32","befolkningen_ellers","65","sysselsatte_innvkat","prosent"
"2013","32","innvandrere","57","sysselsatte_innvkat","prosent"
"2013","33","alle","69","sysselsatte_innvkat","prosent"
"2013","33","befolkningen_ellers","70","sysselsatte_innvkat","prosent"
"2013","33","innvandrere","61","sysselsatte_innvkat","prosent"
"2013","34","alle","67","sysselsatte_innvkat","prosent"
"2013","34","befolkningen_ellers","68","sysselsatte_innvkat","prosent"
"2013","34","innvandrere","56","sysselsatte_innvkat","prosent"
"2013","35","alle","67","sysselsatte_innvkat","prosent"
"2013","35","befolkningen_ellers","68","sysselsatte_innvkat","prosent"
"2013","35","innvandrere","59","sysselsatte_innvkat","prosent"
"2013","36","alle","72","sysselsatte_innvkat","prosent"
"2013","36","befolkningen_ellers","73","sysselsatte_innvkat","prosent"
"2013","36","innvandrere","68","sysselsatte_innvkat","prosent"
"2013","37","alle","69","sysselsatte_innvkat","prosent"
"2013","37","befolkningen_ellers","69","sysselsatte_innvkat","prosent"
"2013","37","innvandrere","65","sysselsatte_innvkat","prosent"
"2013","38","alle","73","sysselsatte_innvkat","prosent"
"2013","38","befolkningen_ellers","74","sysselsatte_innvkat","prosent"
"2013","38","innvandrere","71","sysselsatte_innvkat","prosent"
"2013","39","alle","74","sysselsatte_innvkat","prosent"
"2013","39","befolkningen_ellers","75","sysselsatte_innvkat","prosent"
"2013","39","innvandrere","70","sysselsatte_innvkat","prosent"
"2013","40","alle","70","sysselsatte_innvkat","prosent"
"2013","40","befolkningen_ellers","71","sysselsatte_innvkat","prosent"
"2013","40","innvandrere","65","sysselsatte_innvkat","prosent"
"2013","41","alle","72","sysselsatte_innvkat","prosent"
"2013","41","befolkningen_ellers","72","sysselsatte_innvkat","prosent"
"2013","41","innvandrere","69","sysselsatte_innvkat","prosent"
"2013","42","alle","70","sysselsatte_innvkat","prosent"
"2013","42","befolkningen_ellers","70","sysselsatte_innvkat","prosent"
"2013","42","innvandrere","66","sysselsatte_innvkat","prosent"
"2013","43","alle","73","sysselsatte_innvkat","prosent"
"2013","43","befolkningen_ellers","73","sysselsatte_innvkat","prosent"
"2013","43","innvandrere","64","sysselsatte_innvkat","prosent"
"2013","44","alle","70","sysselsatte_innvkat","prosent"
"2013","44","befolkningen_ellers","70","sysselsatte_innvkat","prosent"
"2013","44","innvandrere","70","sysselsatte_innvkat","prosent"
"2013","45","alle","69","sysselsatte_innvkat","prosent"
"2013","45","befolkningen_ellers","69","sysselsatte_innvkat","prosent"
"2013","45","innvandrere","67","sysselsatte_innvkat","prosent"
"2013","46","alle","71","sysselsatte_innvkat","prosent"
"2013","46","befolkningen_ellers","71","sysselsatte_innvkat","prosent"
"2013","46","innvandrere","67","sysselsatte_innvkat","prosent"
"2013","47","alle","71","sysselsatte_innvkat","prosent"
"2013","47","befolkningen_ellers","71","sysselsatte_innvkat","prosent"
"2013","47","innvandrere","67","sysselsatte_innvkat","prosent"
"2013","48","alle","71","sysselsatte_innvkat","prosent"
"2013","48","befolkningen_ellers","71","sysselsatte_innvkat","prosent"
"2013","48","innvandrere","73","sysselsatte_innvkat","prosent"
"2013","49","alle","72","sysselsatte_innvkat","prosent"
"2013","49","befolkningen_ellers","73","sysselsatte_innvkat","prosent"
"2013","49","innvandrere","69","sysselsatte_innvkat","prosent"
"2013","50","alle","71","sysselsatte_innvkat","prosent"
"2013","50","befolkningen_ellers","72","sysselsatte_innvkat","prosent"
"2013","50","innvandrere","68","sysselsatte_innvkat","prosent"
"2013","51","alle","74","sysselsatte_innvkat","prosent"
"2013","51","befolkningen_ellers","75","sysselsatte_innvkat","prosent"
"2013","51","innvandrere","66","sysselsatte_innvkat","prosent"
"2013","52","alle","68","sysselsatte_innvkat","prosent"
"2013","52","befolkningen_ellers","68","sysselsatte_innvkat","prosent"
"2013","52","innvandrere","64","sysselsatte_innvkat","prosent"
"2013","53","alle","70","sysselsatte_innvkat","prosent"
"2013","53","befolkningen_ellers","70","sysselsatte_innvkat","prosent"
"2013","53","innvandrere","69","sysselsatte_innvkat","prosent"
"2013","54","alle","73","sysselsatte_innvkat","prosent"
"2013","54","befolkningen_ellers","74","sysselsatte_innvkat","prosent"
"2013","54","innvandrere","73","sysselsatte_innvkat","prosent"
"2013","55","alle","70","sysselsatte_innvkat","prosent"
"2013","55","befolkningen_ellers","70","sysselsatte_innvkat","prosent"
"2013","55","innvandrere","69","sysselsatte_innvkat","prosent"
"2013","56","alle","72","sysselsatte_innvkat","prosent"
"2013","56","befolkningen_ellers","72","sysselsatte_innvkat","prosent"
"2013","56","innvandrere","70","sysselsatte_innvkat","prosent"
"2013","57","alle","67","sysselsatte_innvkat","prosent"
"2013","57","befolkningen_ellers","67","sysselsatte_innvkat","prosent"
"2013","57","innvandrere","67","sysselsatte_innvkat","prosent"
"2013","58","alle","68","sysselsatte_innvkat","prosent"
"2013","58","befolkningen_ellers","66","sysselsatte_innvkat","prosent"
"2013","58","innvandrere","78","sysselsatte_innvkat","prosent"
"2013","59","alle","70","sysselsatte_innvkat","prosent"
"2013","59","befolkningen_ellers","70","sysselsatte_innvkat","prosent"
"2013","59","innvandrere","65","sysselsatte_innvkat","prosent"
"2013","60","alle","68","sysselsatte_innvkat","prosent"
"2013","60","befolkningen_ellers","68","sysselsatte_innvkat","prosent"
"2013","60","innvandrere","60","sysselsatte_innvkat","prosent"
"2013","61","alle","70","sysselsatte_innvkat","prosent"
"2013","61","befolkningen_ellers","71","sysselsatte_innvkat","prosent"
"2013","61","innvandrere","63","sysselsatte_innvkat","prosent"
"2013","62","alle","71","sysselsatte_innvkat","prosent"
"2013","62","befolkningen_ellers","71","sysselsatte_innvkat","prosent"
"2013","62","innvandrere","71","sysselsatte_innvkat","prosent"
"2013","63","alle","68","sysselsatte_innvkat","prosent"
"2013","63","befolkningen_ellers","69","sysselsatte_innvkat","prosent"
"2013","63","innvandrere","59","sysselsatte_innvkat","prosent"
"2013","64","alle","67","sysselsatte_innvkat","prosent"
"2013","64","befolkningen_ellers","68","sysselsatte_innvkat","prosent"
"2013","64","innvandrere","58","sysselsatte_innvkat","prosent"
"2013","65","alle","71","sysselsatte_innvkat","prosent"
"2013","65","befolkningen_ellers","72","sysselsatte_innvkat","prosent"
"2013","65","innvandrere","58","sysselsatte_innvkat","prosent"
"2013","66","alle","70","sysselsatte_innvkat","prosent"
"2013","66","befolkningen_ellers","70","sysselsatte_innvkat","prosent"
"2013","66","innvandrere","66","sysselsatte_innvkat","prosent"
"2013","67","alle","69","sysselsatte_innvkat","prosent"
"2013","67","befolkningen_ellers","70","sysselsatte_innvkat","prosent"
"2013","67","innvandrere","58","sysselsatte_innvkat","prosent"
"2013","68","alle","67","sysselsatte_innvkat","prosent"
"2013","68","befolkningen_ellers","67","sysselsatte_innvkat","prosent"
"2013","68","innvandrere","58","sysselsatte_innvkat","prosent"
"2013","69","alle","66","sysselsatte_innvkat","prosent"
"2013","69","befolkningen_ellers","66","sysselsatte_innvkat","prosent"
"2013","69","innvandrere","59","sysselsatte_innvkat","prosent"
"2013","70","alle","69","sysselsatte_innvkat","prosent"
"2013","70","befolkningen_ellers","68","sysselsatte_innvkat","prosent"
"2013","70","innvandrere","83","sysselsatte_innvkat","prosent"
"2013","71","alle","67","sysselsatte_innvkat","prosent"
"2013","71","befolkningen_ellers","68","sysselsatte_innvkat","prosent"
"2013","71","innvandrere","58","sysselsatte_innvkat","prosent"
"2013","72","alle","66","sysselsatte_innvkat","prosent"
"2013","72","befolkningen_ellers","66","sysselsatte_innvkat","prosent"
"2013","72","innvandrere","58","sysselsatte_innvkat","prosent"
"2013","73","alle","69","sysselsatte_innvkat","prosent"
"2013","73","befolkningen_ellers","69","sysselsatte_innvkat","prosent"
"2013","73","innvandrere","61","sysselsatte_innvkat","prosent"
"2013","74","alle","64","sysselsatte_innvkat","prosent"
"2013","74","befolkningen_ellers","64","sysselsatte_innvkat","prosent"
"2013","74","innvandrere","61","sysselsatte_innvkat","prosent"
"2013","75","alle","67","sysselsatte_innvkat","prosent"
"2013","75","befolkningen_ellers","68","sysselsatte_innvkat","prosent"
"2013","75","innvandrere","63","sysselsatte_innvkat","prosent"
"2013","76","alle","65","sysselsatte_innvkat","prosent"
"2013","76","befolkningen_ellers","65","sysselsatte_innvkat","prosent"
"2013","76","innvandrere","58","sysselsatte_innvkat","prosent"
"2013","77","alle","66","sysselsatte_innvkat","prosent"
"2013","77","befolkningen_ellers","66","sysselsatte_innvkat","prosent"
"2013","77","innvandrere","58","sysselsatte_innvkat","prosent"
"2013","78","alle","68","sysselsatte_innvkat","prosent"
"2013","78","befolkningen_ellers","68","sysselsatte_innvkat","prosent"
"2013","78","innvandrere","61","sysselsatte_innvkat","prosent"
"2013","79","alle","71","sysselsatte_innvkat","prosent"
"2013","79","befolkningen_ellers","72","sysselsatte_innvkat","prosent"
"2013","79","innvandrere","68","sysselsatte_innvkat","prosent"
"2013","80","alle","65","sysselsatte_innvkat","prosent"
"2013","80","befolkningen_ellers","65","sysselsatte_innvkat","prosent"
"2013","80","innvandrere","61","sysselsatte_innvkat","prosent"
"2013","81","alle","68","sysselsatte_innvkat","prosent"
"2013","81","befolkningen_ellers","68","sysselsatte_innvkat","prosent"
"2013","81","innvandrere","69","sysselsatte_innvkat","prosent"
"2013","82","alle","66","sysselsatte_innvkat","prosent"
"2013","82","befolkningen_ellers","66","sysselsatte_innvkat","prosent"
"2013","82","innvandrere","68","sysselsatte_innvkat","prosent"
"2013","83","alle","68","sysselsatte_innvkat","prosent"
"2013","83","befolkningen_ellers","68","sysselsatte_innvkat","prosent"
"2013","83","innvandrere","65","sysselsatte_innvkat","prosent"
"2014","01","alle","61","sysselsatte_innvkat","prosent"
"2014","01","befolkningen_ellers","63","sysselsatte_innvkat","prosent"
"2014","01","innvandrere","51","sysselsatte_innvkat","prosent"
"2014","02","alle","65","sysselsatte_innvkat","prosent"
"2014","02","befolkningen_ellers","66","sysselsatte_innvkat","prosent"
"2014","02","innvandrere","60","sysselsatte_innvkat","prosent"
"2014","03","alle","64","sysselsatte_innvkat","prosent"
"2014","03","befolkningen_ellers","65","sysselsatte_innvkat","prosent"
"2014","03","innvandrere","59","sysselsatte_innvkat","prosent"
"2014","04","alle","62","sysselsatte_innvkat","prosent"
"2014","04","befolkningen_ellers","64","sysselsatte_innvkat","prosent"
"2014","04","innvandrere","55","sysselsatte_innvkat","prosent"
"2014","05","alle","71","sysselsatte_innvkat","prosent"
"2014","05","befolkningen_ellers","71","sysselsatte_innvkat","prosent"
"2014","05","innvandrere","67","sysselsatte_innvkat","prosent"
"2014","06","alle","69","sysselsatte_innvkat","prosent"
"2014","06","befolkningen_ellers","70","sysselsatte_innvkat","prosent"
"2014","06","innvandrere","66","sysselsatte_innvkat","prosent"
"2014","07","alle","70","sysselsatte_innvkat","prosent"
"2014","07","befolkningen_ellers","70","sysselsatte_innvkat","prosent"
"2014","07","innvandrere","66","sysselsatte_innvkat","prosent"
"2014","08","alle","69","sysselsatte_innvkat","prosent"
"2014","08","befolkningen_ellers","70","sysselsatte_innvkat","prosent"
"2014","08","innvandrere","67","sysselsatte_innvkat","prosent"
"2014","09","alle","70","sysselsatte_innvkat","prosent"
"2014","09","befolkningen_ellers","73","sysselsatte_innvkat","prosent"
"2014","09","innvandrere","62","sysselsatte_innvkat","prosent"
"2014","10","alle","71","sysselsatte_innvkat","prosent"
"2014","10","befolkningen_ellers","72","sysselsatte_innvkat","prosent"
"2014","10","innvandrere","63","sysselsatte_innvkat","prosent"
"2014","11","alle","60","sysselsatte_innvkat","prosent"
"2014","11","befolkningen_ellers","61","sysselsatte_innvkat","prosent"
"2014","11","innvandrere","53","sysselsatte_innvkat","prosent"
"2014","12","alle","66","sysselsatte_innvkat","prosent"
"2014","12","befolkningen_ellers","67","sysselsatte_innvkat","prosent"
"2014","12","innvandrere","60","sysselsatte_innvkat","prosent"
"2014","13","alle","65","sysselsatte_innvkat","prosent"
"2014","13","befolkningen_ellers","66","sysselsatte_innvkat","prosent"
"2014","13","innvandrere","53","sysselsatte_innvkat","prosent"
"2014","14","alle","65","sysselsatte_innvkat","prosent"
"2014","14","befolkningen_ellers","66","sysselsatte_innvkat","prosent"
"2014","14","innvandrere","57","sysselsatte_innvkat","prosent"
"2014","15","alle","67","sysselsatte_innvkat","prosent"
"2014","15","befolkningen_ellers","68","sysselsatte_innvkat","prosent"
"2014","15","innvandrere","58","sysselsatte_innvkat","prosent"
"2014","16","alle","69","sysselsatte_innvkat","prosent"
"2014","16","befolkningen_ellers","70","sysselsatte_innvkat","prosent"
"2014","16","innvandrere","63","sysselsatte_innvkat","prosent"
"2014","17","alle","68","sysselsatte_innvkat","prosent"
"2014","17","befolkningen_ellers","68","sysselsatte_innvkat","prosent"
"2014","17","innvandrere","61","sysselsatte_innvkat","prosent"
"2014","18","alle","68","sysselsatte_innvkat","prosent"
"2014","18","befolkningen_ellers","70","sysselsatte_innvkat","prosent"
"2014","18","innvandrere","54","sysselsatte_innvkat","prosent"
"2014","19","alle","71","sysselsatte_innvkat","prosent"
"2014","19","befolkningen_ellers","72","sysselsatte_innvkat","prosent"
"2014","19","innvandrere","59","sysselsatte_innvkat","prosent"
"2014","20","alle","67","sysselsatte_innvkat","prosent"
"2014","20","befolkningen_ellers","69","sysselsatte_innvkat","prosent"
"2014","20","innvandrere","63","sysselsatte_innvkat","prosent"
"2014","21","alle","73","sysselsatte_innvkat","prosent"
"2014","21","befolkningen_ellers","74","sysselsatte_innvkat","prosent"
"2014","21","innvandrere","68","sysselsatte_innvkat","prosent"
"2014","22","alle","70","sysselsatte_innvkat","prosent"
"2014","22","befolkningen_ellers","71","sysselsatte_innvkat","prosent"
"2014","22","innvandrere","64","sysselsatte_innvkat","prosent"
"2014","23","alle","68","sysselsatte_innvkat","prosent"
"2014","23","befolkningen_ellers","68","sysselsatte_innvkat","prosent"
"2014","23","innvandrere","63","sysselsatte_innvkat","prosent"
"2014","24","alle","67","sysselsatte_innvkat","prosent"
"2014","24","befolkningen_ellers","67","sysselsatte_innvkat","prosent"
"2014","24","innvandrere","65","sysselsatte_innvkat","prosent"
"2014","25","alle","66","sysselsatte_innvkat","prosent"
"2014","25","befolkningen_ellers","67","sysselsatte_innvkat","prosent"
"2014","25","innvandrere","63","sysselsatte_innvkat","prosent"
"2014","26","alle","64","sysselsatte_innvkat","prosent"
"2014","26","befolkningen_ellers","65","sysselsatte_innvkat","prosent"
"2014","26","innvandrere","60","sysselsatte_innvkat","prosent"
"2014","27","alle","64","sysselsatte_innvkat","prosent"
"2014","27","befolkningen_ellers","65","sysselsatte_innvkat","prosent"
"2014","27","innvandrere","54","sysselsatte_innvkat","prosent"
"2014","28","alle","64","sysselsatte_innvkat","prosent"
"2014","28","befolkningen_ellers","65","sysselsatte_innvkat","prosent"
"2014","28","innvandrere","51","sysselsatte_innvkat","prosent"
"2014","29","alle","65","sysselsatte_innvkat","prosent"
"2014","29","befolkningen_ellers","66","sysselsatte_innvkat","prosent"
"2014","29","innvandrere","58","sysselsatte_innvkat","prosent"
"2014","30","alle","71","sysselsatte_innvkat","prosent"
"2014","30","befolkningen_ellers","72","sysselsatte_innvkat","prosent"
"2014","30","innvandrere","65","sysselsatte_innvkat","prosent"
"2014","31","alle","68","sysselsatte_innvkat","prosent"
"2014","31","befolkningen_ellers","70","sysselsatte_innvkat","prosent"
"2014","31","innvandrere","58","sysselsatte_innvkat","prosent"
"2014","32","alle","64","sysselsatte_innvkat","prosent"
"2014","32","befolkningen_ellers","65","sysselsatte_innvkat","prosent"
"2014","32","innvandrere","57","sysselsatte_innvkat","prosent"
"2014","33","alle","69","sysselsatte_innvkat","prosent"
"2014","33","befolkningen_ellers","70","sysselsatte_innvkat","prosent"
"2014","33","innvandrere","59","sysselsatte_innvkat","prosent"
"2014","34","alle","66","sysselsatte_innvkat","prosent"
"2014","34","befolkningen_ellers","68","sysselsatte_innvkat","prosent"
"2014","34","innvandrere","55","sysselsatte_innvkat","prosent"
"2014","35","alle","67","sysselsatte_innvkat","prosent"
"2014","35","befolkningen_ellers","68","sysselsatte_innvkat","prosent"
"2014","35","innvandrere","59","sysselsatte_innvkat","prosent"
"2014","36","alle","72","sysselsatte_innvkat","prosent"
"2014","36","befolkningen_ellers","72","sysselsatte_innvkat","prosent"
"2014","36","innvandrere","69","sysselsatte_innvkat","prosent"
"2014","37","alle","69","sysselsatte_innvkat","prosent"
"2014","37","befolkningen_ellers","69","sysselsatte_innvkat","prosent"
"2014","37","innvandrere","65","sysselsatte_innvkat","prosent"
"2014","38","alle","73","sysselsatte_innvkat","prosent"
"2014","38","befolkningen_ellers","73","sysselsatte_innvkat","prosent"
"2014","38","innvandrere","69","sysselsatte_innvkat","prosent"
"2014","39","alle","74","sysselsatte_innvkat","prosent"
"2014","39","befolkningen_ellers","74","sysselsatte_innvkat","prosent"
"2014","39","innvandrere","70","sysselsatte_innvkat","prosent"
"2014","40","alle","70","sysselsatte_innvkat","prosent"
"2014","40","befolkningen_ellers","71","sysselsatte_innvkat","prosent"
"2014","40","innvandrere","66","sysselsatte_innvkat","prosent"
"2014","41","alle","72","sysselsatte_innvkat","prosent"
"2014","41","befolkningen_ellers","72","sysselsatte_innvkat","prosent"
"2014","41","innvandrere","71","sysselsatte_innvkat","prosent"
"2014","42","alle","70","sysselsatte_innvkat","prosent"
"2014","42","befolkningen_ellers","70","sysselsatte_innvkat","prosent"
"2014","42","innvandrere","66","sysselsatte_innvkat","prosent"
"2014","43","alle","73","sysselsatte_innvkat","prosent"
"2014","43","befolkningen_ellers","73","sysselsatte_innvkat","prosent"
"2014","43","innvandrere","65","sysselsatte_innvkat","prosent"
"2014","44","alle","70","sysselsatte_innvkat","prosent"
"2014","44","befolkningen_ellers","70","sysselsatte_innvkat","prosent"
"2014","44","innvandrere","68","sysselsatte_innvkat","prosent"
"2014","45","alle","69","sysselsatte_innvkat","prosent"
"2014","45","befolkningen_ellers","69","sysselsatte_innvkat","prosent"
"2014","45","innvandrere","71","sysselsatte_innvkat","prosent"
"2014","46","alle","70","sysselsatte_innvkat","prosent"
"2014","46","befolkningen_ellers","71","sysselsatte_innvkat","prosent"
"2014","46","innvandrere","68","sysselsatte_innvkat","prosent"
"2014","47","alle","71","sysselsatte_innvkat","prosent"
"2014","47","befolkningen_ellers","71","sysselsatte_innvkat","prosent"
"2014","47","innvandrere","68","sysselsatte_innvkat","prosent"
"2014","48","alle","71","sysselsatte_innvkat","prosent"
"2014","48","befolkningen_ellers","70","sysselsatte_innvkat","prosent"
"2014","48","innvandrere","73","sysselsatte_innvkat","prosent"
"2014","49","alle","72","sysselsatte_innvkat","prosent"
"2014","49","befolkningen_ellers","72","sysselsatte_innvkat","prosent"
"2014","49","innvandrere","69","sysselsatte_innvkat","prosent"
"2014","50","alle","71","sysselsatte_innvkat","prosent"
"2014","50","befolkningen_ellers","72","sysselsatte_innvkat","prosent"
"2014","50","innvandrere","68","sysselsatte_innvkat","prosent"
"2014","51","alle","74","sysselsatte_innvkat","prosent"
"2014","51","befolkningen_ellers","75","sysselsatte_innvkat","prosent"
"2014","51","innvandrere","68","sysselsatte_innvkat","prosent"
"2014","52","alle","67","sysselsatte_innvkat","prosent"
"2014","52","befolkningen_ellers","68","sysselsatte_innvkat","prosent"
"2014","52","innvandrere","62","sysselsatte_innvkat","prosent"
"2014","53","alle","70","sysselsatte_innvkat","prosent"
"2014","53","befolkningen_ellers","71","sysselsatte_innvkat","prosent"
"2014","53","innvandrere","69","sysselsatte_innvkat","prosent"
"2014","54","alle","73","sysselsatte_innvkat","prosent"
"2014","54","befolkningen_ellers","73","sysselsatte_innvkat","prosent"
"2014","54","innvandrere","73","sysselsatte_innvkat","prosent"
"2014","55","alle","70","sysselsatte_innvkat","prosent"
"2014","55","befolkningen_ellers","70","sysselsatte_innvkat","prosent"
"2014","55","innvandrere","68","sysselsatte_innvkat","prosent"
"2014","56","alle","72","sysselsatte_innvkat","prosent"
"2014","56","befolkningen_ellers","72","sysselsatte_innvkat","prosent"
"2014","56","innvandrere","70","sysselsatte_innvkat","prosent"
"2014","57","alle","68","sysselsatte_innvkat","prosent"
"2014","57","befolkningen_ellers","68","sysselsatte_innvkat","prosent"
"2014","57","innvandrere","65","sysselsatte_innvkat","prosent"
"2014","58","alle","70","sysselsatte_innvkat","prosent"
"2014","58","befolkningen_ellers","68","sysselsatte_innvkat","prosent"
"2014","58","innvandrere","80","sysselsatte_innvkat","prosent"
"2014","59","alle","70","sysselsatte_innvkat","prosent"
"2014","59","befolkningen_ellers","70","sysselsatte_innvkat","prosent"
"2014","59","innvandrere","67","sysselsatte_innvkat","prosent"
"2014","60","alle","67","sysselsatte_innvkat","prosent"
"2014","60","befolkningen_ellers","67","sysselsatte_innvkat","prosent"
"2014","60","innvandrere","61","sysselsatte_innvkat","prosent"
"2014","61","alle","70","sysselsatte_innvkat","prosent"
"2014","61","befolkningen_ellers","71","sysselsatte_innvkat","prosent"
"2014","61","innvandrere","63","sysselsatte_innvkat","prosent"
"2014","62","alle","70","sysselsatte_innvkat","prosent"
"2014","62","befolkningen_ellers","70","sysselsatte_innvkat","prosent"
"2014","62","innvandrere","74","sysselsatte_innvkat","prosent"
"2014","63","alle","67","sysselsatte_innvkat","prosent"
"2014","63","befolkningen_ellers","68","sysselsatte_innvkat","prosent"
"2014","63","innvandrere","59","sysselsatte_innvkat","prosent"
"2014","64","alle","66","sysselsatte_innvkat","prosent"
"2014","64","befolkningen_ellers","67","sysselsatte_innvkat","prosent"
"2014","64","innvandrere","57","sysselsatte_innvkat","prosent"
"2014","65","alle","70","sysselsatte_innvkat","prosent"
"2014","65","befolkningen_ellers","72","sysselsatte_innvkat","prosent"
"2014","65","innvandrere","51","sysselsatte_innvkat","prosent"
"2014","66","alle","68","sysselsatte_innvkat","prosent"
"2014","66","befolkningen_ellers","69","sysselsatte_innvkat","prosent"
"2014","66","innvandrere","61","sysselsatte_innvkat","prosent"
"2014","67","alle","69","sysselsatte_innvkat","prosent"
"2014","67","befolkningen_ellers","70","sysselsatte_innvkat","prosent"
"2014","67","innvandrere","58","sysselsatte_innvkat","prosent"
"2014","68","alle","67","sysselsatte_innvkat","prosent"
"2014","68","befolkningen_ellers","68","sysselsatte_innvkat","prosent"
"2014","68","innvandrere","59","sysselsatte_innvkat","prosent"
"2014","69","alle","65","sysselsatte_innvkat","prosent"
"2014","69","befolkningen_ellers","66","sysselsatte_innvkat","prosent"
"2014","69","innvandrere","56","sysselsatte_innvkat","prosent"
"2014","70","alle","68","sysselsatte_innvkat","prosent"
"2014","70","befolkningen_ellers","67","sysselsatte_innvkat","prosent"
"2014","70","innvandrere","81","sysselsatte_innvkat","prosent"
"2014","71","alle","67","sysselsatte_innvkat","prosent"
"2014","71","befolkningen_ellers","68","sysselsatte_innvkat","prosent"
"2014","71","innvandrere","57","sysselsatte_innvkat","prosent"
"2014","72","alle","66","sysselsatte_innvkat","prosent"
"2014","72","befolkningen_ellers","67","sysselsatte_innvkat","prosent"
"2014","72","innvandrere","62","sysselsatte_innvkat","prosent"
"2014","73","alle","69","sysselsatte_innvkat","prosent"
"2014","73","befolkningen_ellers","69","sysselsatte_innvkat","prosent"
"2014","73","innvandrere","62","sysselsatte_innvkat","prosent"
"2014","74","alle","64","sysselsatte_innvkat","prosent"
"2014","74","befolkningen_ellers","64","sysselsatte_innvkat","prosent"
"2014","74","innvandrere","60","sysselsatte_innvkat","prosent"
"2014","75","alle","68","sysselsatte_innvkat","prosent"
"2014","75","befolkningen_ellers","68","sysselsatte_innvkat","prosent"
"2014","75","innvandrere","65","sysselsatte_innvkat","prosent"
"2014","76","alle","64","sysselsatte_innvkat","prosent"
"2014","76","befolkningen_ellers","65","sysselsatte_innvkat","prosent"
"2014","76","innvandrere","58","sysselsatte_innvkat","prosent"
"2014","77","alle","66","sysselsatte_innvkat","prosent"
"2014","77","befolkningen_ellers","67","sysselsatte_innvkat","prosent"
"2014","77","innvandrere","58","sysselsatte_innvkat","prosent"
"2014","78","alle","67","sysselsatte_innvkat","prosent"
"2014","78","befolkningen_ellers","68","sysselsatte_innvkat","prosent"
"2014","78","innvandrere","58","sysselsatte_innvkat","prosent"
"2014","79","alle","70","sysselsatte_innvkat","prosent"
"2014","79","befolkningen_ellers","71","sysselsatte_innvkat","prosent"
"2014","79","innvandrere","68","sysselsatte_innvkat","prosent"
"2014","80","alle","65","sysselsatte_innvkat","prosent"
"2014","80","befolkningen_ellers","65","sysselsatte_innvkat","prosent"
"2014","80","innvandrere","64","sysselsatte_innvkat","prosent"
"2014","81","alle","68","sysselsatte_innvkat","prosent"
"2014","81","befolkningen_ellers","68","sysselsatte_innvkat","prosent"
"2014","81","innvandrere","69","sysselsatte_innvkat","prosent"
"2014","82","alle","66","sysselsatte_innvkat","prosent"
"2014","82","befolkningen_ellers","66","sysselsatte_innvkat","prosent"
"2014","82","innvandrere","68","sysselsatte_innvkat","prosent"
"2014","83","alle","66","sysselsatte_innvkat","prosent"
"2014","83","befolkningen_ellers","67","sysselsatte_innvkat","prosent"
"2014","83","innvandrere","62","sysselsatte_innvkat","prosent"
